463.495		2235.55
513.078		2495.62
513.078		2495.62
572.382		2792.35
602.562		2941.67
632.545		3096.46
632.545		3096.46
691.27		3403.49
730.581		3609.63
730.581		3609.63
776.878		3858.37
823.629		4046.09
823.629		4046.09
821.69		4060.86
831.213		4124
887.439		4437.81
886.164		4428.08
906.46		4545.56
919.693		4597.5
933.526		4672.3
944.394		4739.05
996.285		4988.15
1047.99		5261.01
1045		5287.95
1045		5287.95
1062.26		5374.37
1087.45		5496.69
1124.03		5672.74
1156.39		5836.62
1158.39		5857.46
1203.91		6057.79
1229.77		6191.51
1229.77		6191.51
1254.39		6301.22
1286.84		6467.38
1303.26		6542.82
1332.09		6679.37
1354.9		6791.18
1403.16		7000.63
1454.52		7247.64
1453.15		7268.05
1475.31		7364.79
1509.48		7528.59
1531.2		7641.59
1576.9		7841.92
1619.57		8048.07
1654.45		8237.89
1674.98		8359.3
1716.09		8563.04
1748.35		8698.94
1771.6		8792.17
1800.79		8985.91
1815.4		9025.68
1850.14		9188.16
1884.58		9355.44
1914.62		9478.48
1934.04		9586.73
1963.37		9763.51
1972.56		9781.59
2003.47		9923.02
2025.2		9980.07
2096.27		10332.5
2104.36		10367.2
2142.5		10529.4
2153.63		10603.1
2152.62		10573
2202.66		10791.8
2207.14		10803.6
2240.71		10995.5
2245.77		11016.6
2269.25		11168.8
2296.35		11238.7
2295.52		11264.2
2359.33		11572.3
2353.94		11543.2
2403.48		11761.1
2405.26		11786.8
2400.81		11669.6
2466.93		12088
2469.24		11977.7
2519.15		12304.5
2585.97		12658.6
2585.97		12658.6
2561.72		12508.8
2638.98		12862.3
2629.88		12804.6
2701.2		13169.1
2677.57		13066.8
2744.25		13388.1
2717.63		13316.1
2747.96		13418.2
2794.66		13700.2
2775.53		13627.8
2830.6		13865.1
2822.55		13850.5
2886.63		14159.7
2877.9		14138.1
2876.11		14113.1
2922.13		14330.8
2928.49		14360.7
2959.98		14492.6
2960.37		14524.5
2966.81		14524.3
3000.95		14698.2
3012.48		14770.4
3039.39		14855.4
3052.94		14930.5
3060.09		14936.5
3081.98		15032.7
3100.18		15108.4
3105.03		15104.9
3133.69		15233
3172.99		15419.4
3145.27		15338.3
3163.17		15380.3
3183.5		15498.4
3159.89		15435.4
3173.24		15483.4
3192.65		15566.6
3168.8		15464.9
3191.83		15565.9
3197.77		15552.5
3209.06		15669
3236.31		15791.9
3205.8		15613.6
3250.15		15828.8
3283.95		15953.5
3255.16		15829.7
3279.7		15958.5
3310.03		16072.3
3274.84		15911.5
3298.17		16040
3319.43		16110.8
3332.62		16240.7
3328.18		16221.8
3329.59		16225.4
3349.66		16361.8
3320.7		16223.5
3339.63		16332.4
3370.66		16486.8
3346.58		16403.9
3367.38		16508.6
3384.12		16606.3
3340.37		16446.6
3379.78		16605
3409.7		16727.3
3384		16536.5
3440.71		16893.3
3445.38		16889.5
3507.92		17149
3488.24		17115.6
3493.92		17142.5
3504.86		17164.4
3489.34		17039.3
3533.45		17359.4
3538.96		17365.5
3581.69		17550.7
3547.8		17448.9
3562.52		17544.3
3569.94		17541.9
3537.89		17407
3580.65		17700
3582.42		17691.7
3628.27		17874.8
3595.03		17759.4
3636.17		17954.4
3646.43		17992.4
3598.5		17730.1
3658.43		18085.2
3657.58		18080.3
3663.97		18098.6
3716.81		18315.6
3672		18127.2
3684.16		18212.6
3683.65		18194.9
3745.03		18473.1
3710.67		18324.8
3705.38		18322.4
3714.49		18342.1
3700.19		18213.2
3725.1		18407.4
3732.08		18469.1
3743.68		18486.7
3714.22		18327.9
3743.04		18547.1
3737.47		18534.4
3766.2		18640.3
3730.97		18458.6
3759.15		18613.1
3766.43		18639.7
3822.74		18883.7
3742.82		18481.4
3773.33		18702.9
3789.55		18718.6
3744.81		18544.9
3773.47		18727
3772.82		18733.7
3796.18		18794.2
3741.13		18511.6
3782.01		18770.3
3789.37		18805.3
3807.79		18849.3
3771.84		18653.2
3824.1		18919.4
3833.73		18990.6
3846.13		18989.5
3808.57		18822.7
3871.41		19145.2
3879.28		19181.7
3894.72		19209.7
3862.32		19094.8
3912.03		19295.2
3934.92		19381.2
3938.81		19475.1
3939.74		19428.7
3983.31		19638.4
3985.14		19634.2
4016.01		19831.2
4016.93		19768.3
4022.74		19807.6
4026.13		19808.8
4058.84		20030.7
4044.73		19882.9
4078.1		20081.6
4089.84		20146.9
4111.17		20191
4092.92		20130.2
4141.59		20331.3
4157.43		20407.5
4171.48		20439.2
4166.48		20515.9
4154.42		20381.4
4207.14		20645.5
4217.47		20705.5
4239.07		20752.5
4248.56		20841.2
4282.85		20999.5
4293.95		21042.1
4314.52		21085.3
4324.64		21167.7
4338.74		21241.9
4351.51		21319.3
4351.65		21320
4351.06		21288.7
4401.62		21602.1
4410.58		21619.3
4404.52		21600.6
4438.21		21822.4
4403.64		21616.9
4458.94		21901.2
4468.41		21941.3
4497.16		22109.3
4431.36		21786.3
4510.39		22161.1
4525.05		22225
4534.85		22220
4545.36		22293.5
4518.35		22209.5
4528.28		22271.1
4532.19		22285.4
4572.1		22499.4
4500.02		22174
4572.43		22496.9
4581.29		22537.5
4602.16		22558.1
4606.7		22561.9
4609.79		22670.7
4603.3		22664.8
4612.95		22711.6
4629.22		22735.9
4647.28		22782.3
4655.03		22861.1
4658.24		22915.6
4663.58		22946.6
4675.66		22958.2
4681.3		22959.2
4686.84		23028.8
4690.24		23102.2
4704.43		23162.2
4727.02		23211.9
4732.84		23230.4
4736.27		23326.7
4740.27		23379.3
4746.65		23416.9
4759.48		23471.5
4767.86		23406.4
4775.75		23614.3
4783.68		23643.2
4776.6		23625.3
4792.67		23702.6
4822.73		23660.4
4825.46		23798.4
4819.47		23806.5
4824.41		23822.3
4847.28		23909.1
4854.52		23957.8
4860.43		24003.3
4869.6		24048.2
4877.02		24086
4890.62		24042.2
4922.83		24325.2
4922.71		24310.7
4922.23		24307.3
4927.43		24311.2
4983.1		24430.4
4955.06		24441.6
4949.95		24437.6
4961.56		24500
4974.75		24560.7
5026.39		24647.1
5025.59		24768.4
5030.39		24850.5
5030.43		24846.2
5053.64		24937.8
5104.88		25022.1
5071.94		25031.6
5080.79		25089.1
5065.95		25007
5063.71		24989.8
5119.9		25213.4
5066.31		25025.5
5094.3		25154.3
5099.01		25185.5
5103.51		25219.5
5097.67		25246
5096.41		25287.4
5149.6		25511.9
5149.31		25521.6
5135.81		25445.4
5145.78		25520.2
5160.87		25473.8
5178.64		25628.6
5187.06		25726.1
5177.16		25666.4
5190.08		25696.3
5211.23		25817.6
5182.33		25664
5234.29		25908.4
5235.72		25937
5226.03		25887.7
5225.56		25875.1
5269.98		26026.2
5232.24		25948.2
5263.74		26112
5258.89		26077.8
5274.05		26121.3
5298.15		26250.1
5280.63		26130.3
5327.13		26381
5325.89		26389.4
5320.21		26353.3
5340.33		26420.9
5355.66		26354.3
5380.34		26535.1
5374.6		26492.1
5373.57		26487.1
5377.85		26505.9
5408.37		26540.4
5382.71		26496.2
5430.65		26767.2
5433.85		26779.8
5428.42		26738.4
5427.23		26696.4
5413.59		26539.2
5488.84		26928.1
5494.82		27012.5
5490.6		26982.8
5500.08		27028.5
5540.41		27121.8
5505.46		27034.8
5526.89		27125.4
5527.59		27107.4
5525.45		27082.3
5523.71		27063.3
5510.96		26949.5
5605.21		27400.3
5609.31		27419.9
5611.63		27433.7
5619.56		27462.1
5663.98		27689.2
5646.98		27593.3
5688.63		27749.6
5692.41		27748.8
5689.39		27729.4
5685.85		27712.6
5697.39		27732.6
5723.72		27788.3
5743.23		27971.1
5744.3		27975.9
5762.56		28059.3
5762.91		28078.7
5736.51		27937.2
5818.04		28369.5
5814.1		28390.8
5813.99		28377.6
5829.38		28424.7
5842.74		28508.9
5841.25		28456.9
5854.41		28546
5863.53		28594.9
5861.82		28587.7
5877.33		28634.6
5877.16		28661.1
5859.01		28577.2
5881.03		28682.8
5884.44		28698.8
5872.42		28629.9
5881.9		28648.8
5942.21		28939.1
5911.86		28800
5902.68		28746.5
5912.92		28780.6
5911.12		28764.6
5921.64		28817.6
5949.41		28990.9
5944.22		28928.4
5968.46		29031.8
5980.93		29083.2
5982.3		29090.2
5984.55		29097.4
6001.18		29225.1
6020.59		29264.1
6016.69		29202.8
6026.16		29260.3
6026.12		29270.9
6033.42		29283.6
6050.76		29404.7
6006.69		29214.1
6063.42		29478.4
6080.84		29556.4
6086.03		29593.4
6095.46		29640.9
6120.03		29802.3
6121.86		29889.7
6175		30109.8
6178.58		30102.2
6183.31		30118.8
6189.13		30128.9
6190.19		30142.1
6160.14		30083.4
6238.07		30390.9
6233.16		30348.7
6234.39		30332
6242.5		30339.4
6236.83		30331.3
6232.91		30379.2
6279.34		30533.4
6290.36		30590.4
6293.04		30599.7
6307.6		30642
6302.36		30636.2
6274.17		30502.3
6337.29		30698.9
6365.22		30846
6366.29		30854.1
6367.22		30858
6370.76		30847.7
6361.83		30914.3
6371.92		30911.4
6430.65		31157
6432.44		31174.5
6435.29		31192.4
6429.32		31145.2
6435.99		31220.5
6400.47		31070.6
6484.2		31376.1
6490.7		31440.8
6499.84		31481.5
6500.58		31468.3
6503.6		31441.4
6478.31		31319.7
6557.73		31666.7
6556.35		31738.7
6563.13		31769.4
6564.13		31760.9
6562.08		31712.1
6577.57		31727.2
6539.05		31578.4
6591.02		31812.8
6587.9		31792.4
6595.99		31823.4
6587.55		31801.9
6591.06		31786.2
6574.06		31646.3
6633.6		31902.7
6657.87		32095.6
6659.7		32088.3
6675.83		32148.2
6673.68		32137.8
6692.48		32220.7
6669.21		32091.9
6728.03		32337.4
6703.94		32236.2
6707.27		32248.8
6712.18		32256
6713.1		32245.9
6737.96		32352.9
6733.45		32463.8
6754.95		32569.3
6755.28		32567.1
6756.29		32568
6753.86		32539.5
6767.99		32578.3
6726.69		32351.6
6717		32428.2
6779.04		32735.7
6774.77		32708
6769.07		32685.9
6766.69		32675.1
6790.98		32732.1
6729.23		32489.2
6774.86		32735.6
6784		32777.9
6794.8		32830.5
6801.52		32841.3
6803.76		32856.8
6799.96		32725.5
6804.29		32778.3
6831.26		32898.9
6834.37		32905.9
6845.25		32960.8
6842.86		32949
6864.26		32985.4
6846.11		32860.3
6877.84		33027.9
6890.64		33066.8
6891.48		33080.6
6900.9		33123.8
6889.19		33043
6943.6		33208
6917.33		33191.5
6956.34		33374.3
6956.91		33390.7
6968.99		33452.4
6967.38		33461.8
6966.52		33465.7
7010.25		33644.4
6977.78		33578.5
6977.91		33567.4
6973.45		33537.6
6987.4		33610.2
6982.36		33604.1
6989.48		33617.2
7049.29		33804.4
7054.24		33843.3
7040.04		33760.3
7043.29		33804
7041.12		33809.4
7039.23		33815.2
7046.78		33847.6
7092.52		34025
7064.01		33925.8
7088.71		34033.1
7094.09		34062.5
7095.32		34067.2
7107.3		34118
7105.5		34131
7139.36		34266.8
7122.7		34168.3
7121.68		34158.2
7126.34		34174.1
7127.62		34172.2
7138.05		34242
7144.15		34267.9
7150.56		34340.7
7155.58		34371.6
7200.98		34571.4
7199.49		34559
7197.49		34558.4
7194.8		34547.8
7195.66		34547.4
7205.08		34587.7
7258.13		34771.9
7274.56		34831.4
7286.53		34860.6
7302.79		34955
7305.12		34974.3
7312.13		35000
7299.39		34948.5
7339		35142.3
7350.03		35140.2
7363.19		35166.9
7365.26		35175.1
7361.01		35158.6
7364.78		35183
7377.77		35263.3
7374.51		35260.5
7384.96		35310.4
7412.17		35398.6
7414.97		35451.2
7422.28		35475
7423.72		35482
7431.78		35529.5
7438.37		35569.7
7448.68		35601.5
7482.37		35799
7499.28		35827.1
7465.64		35628.8
7486.29		35769.4
7500.64		35842.1
7503.9		35848.5
7509.56		35858.6
7534.12		35955.6
7557.49		36126.7
7589.54		36231.7
7595.48		36269.3
7606.06		36324
7610.37		36322.5
7606.73		36315.2
7630.13		36409.8
7645.65		36544.3
7675.72		36643.1
7650.47		36495.6
7646.47		36481.2
7660.09		36534
7649.58		36478.1
7657.79		36519.4
7673.72		36616.7
7701.97		36774.8
7675.86		36622.9
7703.27		36762.3
7707.08		36768.9
7708.05		36743.4
7700.46		36710.6
7705.12		36765.8
7721.88		36870.3
7728.53		36881
7713.17		36784.8
7736.64		36906.3
7748.98		36964.8
7741.38		36916
7726.13		36846.4
7735.35		36881.9
7743.48		36975.3
7761.97		37001.3
7717.26		36815.1
7730.37		36899.5
7735.69		36935.3
7733.54		36926.6
7733.17		36907.4
7736.83		36892.1
7757.36		37006.6
7749.17		37001.6
7716.99		36829.4
7735.1		36989.7
7740.31		37017.9
7741.35		36995.4
7732		36952.1
7734.71		36945.4
7762.76		37094.4
7762.71		37056.5
7765.08		37128.7
7777.26		37224.7
7778.43		37229.7
7778.25		37227.1
7780.64		37229.7
7777.41		37185.6
7825.23		37405.3
7790.41		37182
7800.38		37278.9
7812.61		37336.1
7816.03		37357.9
7814.94		37371.3
7818.76		37379.5
7828.33		37378.8
7844.08		37474
7818.24		37370.5
7845.53		37526.4
7840.89		37516.5
7841.85		37514.6
7843.72		37520.3
7853.29		37558.9
7843.71		37580.2
7874.36		37636.8
7866.56		37596.9
7909.1		37850.8
7912.52		37872.8
7909.69		37866.5
7920.29		37927.9
7936.53		37962
7929.86		37969.4
7938.72		37981
7919.79		37869.4
7943.75		38018.2
7944.93		38022.9
7945.95		38035.4
7948.06		38067.5
7955.96		38116.1
7980.29		38191.9
7971.79		38280
7968.13		38181.9
7984.75		38261.8
7984.18		38251.7
7979.74		38244
7988.15		38258.2
7994.33		38310.4
8000.43		38322.6
8021.45		38379.6
8032.77		38478.3
8027.52		38423
8045.09		38516.8
8048.75		38532
8054.05		38555.8
8057.14		38592.6
8065.02		38635.6
8056.8		38627.3
8102.69		38945.7
8097.33		38827.7
8117.63		38966.2
8128.23		39013.3
8130.4		39030.2
8120.3		38984
8136.99		39052.3
8139.56		39037.7
8153.53		39136.4
8141.02		39169.9
8186.21		39382.6
8198.55		39452.3
8203.29		39480
8200.6		39460.5
8203.58		39438.2
8210.11		39469.6
8203.63		39442
8220.7		39572.7
8216.52		39523.2
8254.99		39736.7
8263.28		39766.3
8264.38		39768.1
8264.09		39770.5
8272.47		39828.9
8273.92		39840
8260.57		39698.8
8274.09		39837.5
8258.51		39781.8
8298.22		39950.6
8315.12		40058.2
8319.39		40068.4
8298.33		39994.3
8306.69		40028.5
8327.59		40114.3
8304.55		39910.1
8289.08		39949
8308.72		40021.3
8342.25		40255.8
8352.72		40313.3
8348.52		40276.5
8345.71		40291.8
8325.81		40151
8380.72		40449.2
8386.37		40465.9
8397.68		40514.5
8397.53		40536.9
8389.96		40510.2
8413.12		40575
8462.75		40752.9
8427.77		40612.5
8484.83		40908.7
8516.75		41084
8513.85		41069.7
8514.36		41059.6
8513.5		41078.3
8524.05		41150.3
8537.18		41190.7
8540.42		41049.5
8563.19		41230.4
8581.98		41361.4
8585.44		41397.2
8592.84		41433.8
8593.52		41427.2
8589.06		41415.9
8604.51		41502.1
8602.09		41525.6
8582.1		41322.8
8619.06		41610.4
8623.2		41674.5
8665.14		41922.2
8671.95		41976.4
8676.67		41993.7
8680.75		42015.6
8685.46		42044.4
8680.26		42051.4
8646.18		41811.2
8687.42		42164.9
8670.19		42058.8
8699.35		42117.6
8724.65		42261.5
8728.98		42267.1
8728.11		42262
8732.04		42282.2
8731.06		42309.4
8718.53		42125.8
8748.25		42416.7
8754.65		42457.4
8787.73		42577.7
8817.47		42702.5
8817.62		42694.8
8820.46		42702
8819.94		42706.9
8818.61		42726.4
8839.54		42794
8840.38		42885.8
8807.47		42715.1
8816.1		42722
8841.76		42871.9
8843.33		42862.1
8846.37		42897.3
8851.12		42909.4
8838.9		42882
8858.77		42985.2
8819.07		42677.9
8814.65		42776.6
8836		42840.9
8880.12		43090.7
8881.19		43105.5
8889.27		43135.4
8896.39		43165
8897.75		43194.3
8915.96		43280.6
8907.18		43102.1
8896.1		43143.3
8887.27		43044.4
8944.48		43300.9
8960.08		43390.8
8970.99		43441.8
8971.39		43423.2
8970.53		43417.8
8977.4		43471.4
9007.9		43568.8
9016.86		43596.4
8986.22		43487.5
8961.14		43374.1
9020.98		43704.1
9020.32		43699.3
9024.73		43730.9
9029.2		43747.6
9034.47		43782
9050.22		43864.6
9034.54		43734.7
9046.95		43802.6
9037.28		43741.5
9066.88		43872.6
9081.55		43964.8
9082.07		43965
9088.74		43999.6
9088.66		44020.2
9086.59		44021.5
9079.63		43931.7
9105.71		44104.1
9083.19		43986.3
9086.88		44035.9
9104.86		44123
9106.43		44125.1
9104.6		44122.6
9101.47		44113.3
9097.43		44102.3
9103.37		44109.1
9098.51		44044.4
9124.37		44148.5
9115.84		44171.7
9113.12		44166.6
9132.69		44304.3
9138.18		44321.2
9134.42		44291.2
9132.26		44278.2
9138.27		44314.4
9149.49		44371.1
9152.13		44328
9124.69		44292.3
9137.96		44396.7
9140.5		44464.9
9144.07		44475.9
9141.63		44443.3
9149.19		44501.3
9155.32		44526.8
9172.71		44578.6
9146.39		44418.1
9161.94		44478.6
9154.04		44466.5
9177.12		44572.3
9215.86		44814.8
9220.84		44837.7
9227.83		44848.1
9240.8		44909.1
9241.07		44907.5
9247.42		44918.9
9212.72		44723
9225.7		44748.3
9218.76		44777.6
9228.82		44776.8
9232.54		44795
9234.36		44794.4
9235.13		44771.2
9245.81		44829
9242.65		44797.5
9253.94		44843
9231.41		44748.7
9256.98		44833.6
9235.86		44759.1
9241.97		44738.9
9261.54		44871
9261.23		44874.8
9262.25		44871.8
9269.17		44910.7
9280.52		44943.3
9299.47		45046.6
9274.93		44886.6
9287.53		44999.9
9300.82		45066.3
9317.92		45120.3
9333.65		45210.6
9334.68		45205.2
9327.03		45172.5
9337.24		45205.5
9353.72		45270.9
9367.27		45380
9312.38		45110.4
9351.07		45282.1
9381.38		45411.5
9403.76		45481.9
9427.05		45627.5
9425.05		45634.9
9423.73		45655.8
9435.38		45700.9
9432.02		45666
9460.65		45791.4
9361.98		45306.2
9380.1		45377.1
9404.47		45501.7
9418.14		45542.7
9427.54		45623
9430.28		45629.7
9435.75		45676.9
9434.47		45678.8
9450.78		45744.2
9489.51		45914.9
9411.75		45589.4
9425.64		45661.3
9438.53		45709.5
9432.84		45709.6
9438.69		45753
9436.51		45729.5
9441.86		45762
9441.16		45753.5
9452.55		45821.2
9491.89		46005.9
9443.81		45771.5
9433.03		45754.6
9458.26		45848.6
9498.49		46020.5
9509.43		46090.5
9511.54		46097.1
9503.84		46054.1
9518.44		46113.8
9507.04		46091.5
9503.24		46112.3
9480.31		45994.6
9462.9		45910.9
9470.65		45913.8
9509.06		46137.3
9519.32		46223.3
9523.38		46247.3
9523.15		46237.2
9522.53		46222.1
9522.47		46218.4
9531.77		46276.1
9557.79		46357.7
9511.57		46131.5
9523.7		46151.8
9545.41		46229.3
9568.49		46399
9578.94		46517.8
9581.48		46524.5
9580.52		46511.8
9574.03		46478.5
9574.02		46502.6
9581.52		46573.1
9557.54		46407.5
9520.04		46278.7
9535.97		46325.1
9588.53		46535.3
9585.51		46536.4
9585.05		46540.2
9579.01		46494.1
9579.08		46501
9584.88		46519.6
9591.68		46589.9
9578.95		46446.4
9537.23		46295.9
9562.54		46405.4
9614.15		46758.3
9619.95		46848.8
9620.98		46862.4
9631.89		46895.9
9631.75		46918.1
9634.14		46918.8
9647.92		46991.8
9623.97		46829.7
9592.03		46711
9599.64		46709.9
9610.65		46797.1
9641.54		46945.6
9664.33		47074.2
9674.99		47120.7
9672.39		47113
9668.18		47107.1
9687.27		47177
9666.3		47068.9
9651.55		46976.7
9671.23		47143
9676.98		47125
9695.8		47280.7
9720.66		47434
9719		47436.7
9722.11		47431.2
9709.92		47394.9
9719.19		47413.2
9730.22		47468.3
9707.82		47287.2
9710.93		47348.9
9673.6		47205.8
9721.3		47443
9726.68		47502.2
9738.13		47560.8
9741.22		47542.4
9741.05		47523.1
9729.92		47478
9739.99		47498.8
9741.19		47516.3
9723.79		47377.9
9759.88		47539.6
9739.6		47476.9
9737.74		47473.2
9769.89		47639.9
9770.94		47647.7
9766.12		47630.2
9761.07		47626.8
9769.01		47645.4
9780.36		47723.4
9737.37		47525.5
9761.73		47670.9
9777.72		47751.7
9773.77		47764.9
9771.39		47756.7
9806.25		47927.3
9814.29		47958.5
9807.65		47932.1
9795.08		47857
9815.87		47907.3
9836.57		48034.6
9757.82		47684.6
9780.17		47770.1
9776.97		47768.6
9752.33		47707.7
9788.63		47923.4
9805.59		48023.5
9801.21		48002.8
9794.8		47968.5
9797.06		47988.9
9814.99		48025.8
9824.11		48112
9774.96		47909.1
9805.55		48066.1
9812.7		48086.9
9834.23		48210.3
9863.41		48366.5
9870.15		48390.1
9868.5		48381.3
9866.16		48384.2
9881.39		48392.1
9897.05		48474.7
9858.65		48340
9872.67		48452.1
9878.18		48521.1
9881.11		48555.6
9885.42		48629.6
9906.61		48755.6
9902.67		48739.9
9899.36		48698.4
9898.43		48690.6
9909.81		48703.1
9895.42		48672.1
9876.54		48588.3
9901.58		48735.1
9915.39		48829.5
9897.85		48722.7
9923.21		48899.7
9941.58		48993.5
9941.83		48997
9939.92		48967.8
9950.09		49003.6
9958		49018.8
9951.83		48989.1
9921.05		48834.9
9932.47		48859
9951.88		48963.6
9947.4		48986
9967.41		49123.1
9962.52		49093.4
9960.78		49078.9
9950.94		49027.8
9967.92		49103.2
9963.68		49107.7
9974.2		49137.6
9936.42		48949.4
9962.6		49099.1
9963.25		49081.8
9962.78		49060.3
9980.46		49186.6
9977.03		49164
9987.81		49229.1
9973.53		49125.7
9979.49		49141.4
9965.76		49074.6
9969.08		49111.2
9974.19		49047.9
9979.8		49150.9
9990.86		49220
9998.79		49271.3
10032.9		49469.2
10028.6		49449.7
10029.9		49459.6
10030.7		49462.4
10046		49516.8
10064		49594.9
10051.5		49599.9
10023.6		49411.3
10045.7		49501.7
10041.8		49463.8
10022.7		49364.7
10089.3		49712.7
10088		49709.7
10094		49728.9
10087.4		49704.4
10079.9		49653.9
10095.3		49718.7
10066.4		49649.5
10051		49543.1
10091.7		49771.6
10078.2		49743.4
10052.6		49621.5
10063.4		49679.7
10067.3		49698.2
10068.8		49705.3
10079.2		49748
10071.9		49703.6
10065.5		49635.2
10043.9		49607.9
10068.7		49692.5
10090		49838.7
10080.4		49818.1
10063.4		49710.9
10085.7		49859.9
10098.6		49938
10104.7		49973.9
10108.2		49982.9
10113.1		50000.7
10109		49959.2
10093.9		49898.8
10079.9		49808.5
10101.9		49940.9
10119.1		50035.2
10088.1		49895.7
10105.7		49962.6
10114.6		50004.7
10109		49989.6
10111.1		49978.5
10109.9		49960.7
10111.7		49964
10093		49852
10085.1		49794.2
10074.3		49818.4
10079.2		49833.7
10079.5		49856.4
10104		49972.4
10131.8		50142.6
10134.1		50162.1
10133.2		50163.3
10146.5		50206.4
10149.1		50233.8
10157.7		50253.5
10154.6		50205.3
10134.3		50074.8
10152.8		50204.5
10133.5		50132.4
10108.8		50063
10144.8		50262.3
10139.6		50241.4
10140.6		50252.7
10140.3		50259.1
10151.1		50302.8
10158.4		50308.1
10148.7		50251.9
10128.7		50145.4
10168.5		50367.3
10167		50389.1
10160.1		50347.2
10175.4		50472.9
10202.7		50621.2
10198.5		50599.8
10209.9		50648.6
10209.7		50634.6
10204.7		50629.1
10214		50633
10189.1		50537.2
10195.4		50543.4
10213.9		50705.4
10201.3		50653.4
10186.2		50611.1
10220		50740.1
10229.6		50808.5
10229.1		50813.4
10234.1		50825.6
10229.3		50783.2
10236.5		50771.7
10253		50880.8
10248.9		50861.1
10291.2		51091.3
10274.1		51018.6
10232.2		50789.7
10229.6		50824.4
10244.9		50906.5
10250.8		50924.5
10242.8		50906.6
10242.2		50889.3
10256.2		50953.7
10237.5		50807.2
10239.8		50808.5
10232.2		50834.9
10260.6		51027.8
10242.6		50944.3
10247.7		51049.3
10268.6		51163.4
10272.6		51188.3
10276.8		51197.2
10265.2		51132.5
10266.9		51112.5
10255.1		51037
10238.1		50971.7
10206.4		50836.5
10251		51107.5
10246.5		51111.1
10259.3		51156.8
10244.6		51047
10261.9		51138.3
10268.1		51169.4
10252.8		51084.8
10254.9		51070.4
10253.8		51085
10239.1		50991.3
10237.1		51026.6
10212.1		50930.3
10242.1		51095.4
10200.8		50923.9
10203.1		50934.1
10226.8		51116
10233.1		51142
10235.2		51153.9
10233.1		51141
10224.9		51112.2
10223.1		51106.5
10212.5		51044.6
10205.6		51031.6
10233.3		51159.4
10235.3		51228.3
10219.2		51197.4
10230.1		51287.5
10243.6		51351.1
10259.6		51443.4
10248.7		51401.9
10258.2		51445.3
10257.5		51431.3
10248.8		51359.4
10239		51305.3
10258.6		51350
10263.9		51469.3
10283.2		51581.1
10268.9		51471.4
10294.2		51669
10303.5		51709.6
10301.9		51691.3
10301.2		51694.1
10295.6		51666.5
10277.3		51595.9
10261.8		51537.4
10273.5		51630.1
10304.5		51805.2
10303.1		51838.9
10284.6		51761.1
10343.1		52088.8
10342		52092
10331.4		52017.5
10327.4		52000.8
10342.9		52056.4
10334.3		51982.6
10339.8		52024.4
10343.9		52046.7
10361.4		52204.7
10361.1		52188.5
10360.3		52175.4
10374.5		52260.8
10394		52378.2
10388.1		52350.5
10382.4		52320.9
10382.3		52322.2
10374.2		52268.3
10371.7		52241.2
10361.9		52184.4
10369.1		52259.8
10386.7		52348.6
10387.4		52324.5
10363.4		52162.6
10390.9		52313.1
10394.3		52339
10387.7		52278.3
10384.6		52283.2
10392.5		52325
10407.9		52358.4
10391.4		52298
10380.6		52223
10389.5		52282.2
10387.6		52271.7
10387.8		52275
10366.2		52147.9
10379.4		52226.3
10384.3		52256.6
10379.5		52232.1
10366.8		52178.9
10378		52225.9
10374.7		52206.8
10385		52262.8
10372.3		52137
10370.2		52176.7
10364.8		52162.4
10384.3		52260.6
10396.1		52341.1
10403.8		52399.4
10406.2		52416.2
10400.6		52371
10403.3		52390.4
10413.9		52439.4
10419.3		52473.9
10409.8		52417.3
10398.7		52350.4
10432.2		52499.4
10440.8		52552.9
10455.7		52629.1
10443		52555.5
10458.6		52638.3
10468.4		52709.5
10473.7		52723.1
10467.1		52679.9
10472.1		52704.9
10477		52738.2
10461.7		52667.7
10466.1		52669
10499.3		52810.3
10469.9		52646.4
10449.6		52541.5
10453.6		52567.4
10474.3		52686.3
10476.8		52715
10477.9		52716.9
10483.6		52744.4
10477.1		52713.8
10478.5		52698.4
10478.9		52683.5
10469.5		52666.9
10495.6		52758.9
10482.8		52694.9
10463.8		52630.1
10454.3		52559.2
10451.3		52505.1
10450.3		52494.5
10451.2		52483.7
10453.7		52494.2
10449		52461.7
10456.5		52510.2
10453.9		52496.4
10454.5		52510.8
10476.5		52645.6
10488.2		52716.7
10470.4		52671.3
10489.3		52759.3
10483.5		52690.1
10505.6		52822.7
10500.8		52813.1
10504.7		52826.8
10488		52737.7
10498.3		52794
10492		52757.3
10497.6		52780.8
10510.5		52832.7
10521.2		52879.5
10509.1		52829.9
10504.4		52822.6
10547.5		52998
10569.5		53112.3
10570.1		53114.3
10567.8		53102.8
10563.9		53062
10559.8		53033.3
10546.8		52961.4
10550.7		52973.2
10564.9		53041.6
10575.7		53091.8
10580.2		53123.1
10567.6		53068.1
10580.2		53183.2
10559.2		53054.6
10592.3		53246.9
10588.2		53244.5
10591		53244.4
10588.1		53221.9
10604.6		53320.2
10598.7		53290.4
10581.9		53196.4
10583.8		53176.7
10604.7		53273.4
10598.2		53261.1
10614		53346.4
10638.6		53433.4
10637.8		53428.8
10639.3		53442.7
10637		53424.8
10713.5		53714.1
10755.8		53898.1
10753.4		53900.3
10740		53829.8
10736.2		53809.8
10743.7		53868.4
10750.9		53901.5
10763.1		53949.1
10769.3		53984.7
10760.1		53935.6
10783.1		54089.9
10787.7		54126.5
10811.8		54174.4
10790.2		54121.5
10824.9		54302.6
10821.8		54290.5
10824.2		54294.3
10813.9		54245
10816		54267.9
10835		54337.7
10826.9		54261.1
10839.3		54363.3
10827.3		54357.3
10839.9		54409
10836.9		54409.2
10832.5		54351.8
10832.4		54363.9
10832		54354.2
10825.7		54302.9
10824.6		54335.4
10821.7		54286.3
10824.7		54307.4
10819.8		54279.5
10846.5		54395.2
10867.3		54525.2
10847.5		54427.5
10840.3		54370.1
10826.8		54286.1
10843.6		54406
10827.7		54344.7
10833.6		54387.7
10846.8		54454.5
10899.2		54858.9
10889.6		54776.3
10889.6		54776.3
10889.6		54777.5
10890.6		54790.3
10883.2		54741.2
10906.1		54869.7
10903.1		54831.9
10909.8		54862.5
10923.3		54922.7
10895.9		54806.6
10941.3		55030.3
10949.7		55067.6
10947.8		55044
10994.9		55318.1
10995.7		55326.2
10996.1		55321.4
10991.4		55281.4
10990.8		55310.6
10993.9		55319
11005		55345.7
11023.3		55393.3
11005.3		55290.3
11047.1		55453.1
11049.3		55452.2
11046.1		55437.1
11072.6		55576.1
11067.1		55562.5
11067.7		55568.5
11062.8		55551.1
11064		55580.2
11075.2		55629
11059.5		55558.6
11062.1		55494.8
11068.7		55561.8
11061.1		55507.1
11057.4		55466.3
11076.4		55546.3
11080.3		55585.1
11078.1		55539.7
11085.8		55590.5
11078.3		55552.5
11089.5		55604.2
11097.2		55632.7
11107		55666.3
11107		55670.5
11134.9		55795.6
11102.9		55666.8
11139.3		55817.6
11111.9		55643.7
11121.2		55696.3
11146		55801.4
11138.8		55732.8
11139		55734.9
11139.3		55743.5
11147		55759.8
11159		55843.6
11157.3		55819.6
11161.1		55809.8
11144.9		55783.2
11182.2		55951.9
11194		56021.1
11197.4		56066
11197.8		56104
11190.5		56055.6
11195.2		56101
11195.1		56096.6
11196.2		56117.3
11199.5		56128.2
11193.1		56087
11180.7		56039.3
11188.7		56056.6
11157.2		55945.3
11163.5		55945.6
11187.2		55990.6
11163.6		55913.4
11190		56056
11201.9		56095.3
11222		56192.1
11220.8		56186.6
11218.5		56166.7
11221.6		56181.1
11222.4		56208.1
11224.5		56193.5
11226.5		56199.6
11223.3		56177
11177.6		55983.9
11208		56153.9
11194.6		56141.5
11188.2		56113.8
11211.1		56195.7
11212.2		56211.1
11191.5		56078.8
11186.7		56044.9
11149.5		55897.3
11169.4		55994.7
11167.9		55986.5
11130.9		55815.5
11112.6		55716.1
11126.7		55795.8
11130.1		55818.3
11127.8		55802.3
11126.4		55814.5
11141.9		55889.9
11154.2		55934.9
11149.4		55898.1
11129.1		55791.3
11104.5		55696.3
11126.5		55786.5
11145.6		55888.6
11152		55909
11181.7		56034
11185.6		56032.5
11188.5		56024
11189.6		56029.5
11189.5		56025.6
11189		56009.6
11186.2		55989.5
11191.4		56003.8
11183.8		55941.6
11171.3		55873.7
11162.6		55810.1
11189.2		55930.3
11164.1		55802.4
11181.8		55901.8
11210.6		56071
11227.4		56150.1
11226.3		56147.2
11224.3		56131.4
11227.9		56170.2
11230.6		56183
11234.5		56184
11225.2		56143.2
11200.1		55998
11174.3		55885.3
11205.7		56048.2
11232.4		56186.6
11226.5		56174.9
11251.6		56307.1
11223.3		56170.3
11237.8		56244.5
11238.4		56246.2
11237.4		56231.4
11249.5		56295
11256		56345.3
11249.5		56301.4
11269.3		56373.5
11244.9		56255.3
11224.3		56092.6
11261.2		56285.9
11260.8		56309.9
11221.5		56136.6
11248.9		56286.5
11281.4		56468.2
11319.1		56641.4
11314		56612
11310.8		56595.8
11309.7		56590.1
11322.7		56669.9
11328.5		56717.7
11320.2		56674.9
11286.4		56507.6
11297.6		56502.7
11356.4		56784
11338.7		56684.2
11350.3		56732.4
11394.3		57000.2
11399.3		57010.8
11399.7		57013.3
11402.9		57033.5
11400.8		57032.4
11392.7		57018.6
11386.3		57002.4
11385.2		57002.1
11365.4		56886.3
11357.4		56849.8
11397.3		57097.6
11405.3		57135.1
11385		57002.2
11347.4		56804.3
11404.1		57068
11416.5		57126.2
11420.3		57144.9
11423.2		57163.6
11420.8		57162.3
11431.8		57214.8
11443.5		57244.9
11443.7		57264.3
11500.1		57617.2
11521.3		57733.6
11509.7		57618.8
11520.5		57700.6
11514.9		57706.6
11515.5		57705.2
11516.4		57697.7
11519.6		57745.4
11519.3		57761.9
11526.7		57810.8
11515.5		57733.1
11540.2		57799.9
11536.2		57762.8
11542.9		57819
11576.7		57953
11576.2		57942.7
11558.7		57871.7
11564.9		57857.9
11592.4		57995.3
11596.7		58014.4
11590.7		57962.1
11594.4		57966
11590.8		57958.9
11593.1		57974.7
11571.5		57826.8
11594.3		57891.8
11597.9		57922.8
11588.8		57901.6
11589.8		57860.3
11604.5		57869.5
11590.1		57829.2
11583.1		57806.2
11588.5		57829.4
11589.6		57836
11586.8		57818.2
11589.2		57811.5
11573.1		57737.1
11588		57806.2
11582.6		57783.7
11594.2		57874.9
11618		57994.7
11614.9		57987.5
11626.7		58030.4
11607.8		57896.6
11620.9		57944.9
11615.7		57939.9
11643.7		58078.9
11637		58033.7
11628.4		57969.9
11662.9		58107.3
11668		58126.6
11669.5		58156
11688.3		58235.5
11691.9		58254.3
11690		58234.3
11693.8		58249.7
11697.7		58275.6
11701		58292.5
11705.3		58281.1
11691.1		58247.9
11682.5		58267.5
11690.1		58267.9
11696.5		58302.9
11702		58349.3
11669		58191.4
11706.8		58385.6
11713.2		58418.9
11710.4		58407.6
11716.6		58427.8
11724.6		58450.4
11726.3		58456.4
11716.2		58398.2
11684.6		58301.6
11669.7		58258.9
11669.9		58239.6
11681.1		58263
11681.6		58256.7
11678.4		58209.6
11697.7		58277.9
11716		58340.4
11718		58345.6
11714.7		58342.4
11718.8		58343.7
11712.6		58336
11720.6		58371.1
11725.5		58371.3
11700.8		58283
11705.7		58319.1
11701.2		58288
11724.3		58406
11732		58455.4
11755		58558.4
11744.7		58500.8
11775.6		58668
11775.8		58667.7
11777.7		58678.4
11778.5		58693.3
11784.1		58716.1
11776.3		58670.1
11770.4		58642.6
11764.8		58579.4
11774.9		58611.4
11742.1		58468.1
11762.1		58580
11780.3		58711.9
11815.2		58876.8
11876.5		59138.3
11879.2		59142.9
11878.6		59131.7
11870.3		59089.9
11866.4		59071.8
11861.2		59049.4
11871.1		59072.5
11865.8		59075.9
11881.8		59203.2
11864.3		59101.3
11861.4		59096.2
11849.1		59010.3
11858.9		59072.5
11856.2		59076
11847.2		58985
11868.5		59071.6
11863.2		59055.8
11860.4		59049.2
11856.7		59031.8
11859.1		59064.9
11854.9		59042.1
11864.6		59059.7
11854.3		59047.5
11859.5		59086.1
11864.1		59160.6
11876		59212.2
11875.8		59177.1
11901.2		59296.2
11914		59339.8
11909.7		59331.8
11910.6		59331.7
11902.7		59288.9
11875.6		59156.1
11872.9		59133.6
11882.5		59155.3
11848.3		58993.1
11862.2		59074.1
11849.6		59023.2
11865.7		59139.4
11884.7		59246.2
11916.6		59351.5
11914.7		59364.9
11914		59364.8
11928.7		59408.2
11927		59403.6
11933.3		59436.9
11924.7		59384.5
11920.2		59363.2
11901.5		59231.5
11890.7		59169.3
11898.4		59199.3
11909.6		59273
11878.1		59099.6
11881.9		59184.4
11921.5		59406
11950.2		59550.4
11962.5		59620.5
11977.7		59687
11977.6		59688.4
11979.7		59694.6
11972.2		59662.7
11972.2		59682.1
11969.4		59672.8
11978.5		59726.5
11957.7		59666
11977.1		59721.4
11966.1		59728.2
11981.5		59759.3
11966.1		59704.8
11999.1		59878.8
12010.4		59901.8
12008.9		59892.7
12007.8		59893.4
12013.8		59894.7
12005.8		59851.7
12001.8		59838.2
11985.5		59749.4
11994.3		59764.7
11982.2		59721.6
12023.5		59895.8
11978.8		59736.9
11964.9		59721.4
12003.2		59939.6
12033.9		60086.7
12047		60161.7
12057.8		60225.7
12061.8		60237.9
12069.1		60268.8
12062.6		60230.3
12058.4		60191.5
12057.7		60199
12050.6		60172.1
12049.7		60152.3
12070.8		60193.5
12036.8		60030.1
12029.8		60013.6
12065		60210.6
12092.5		60342.3
12090.4		60365.4
12133.3		60597
12133.8		60599.7
12140.1		60610.7
12134.4		60571.3
12126.8		60530.7
12124.3		60503.7
12134.2		60558.2
12123.1		60512.7
12141.9		60567
12138.4		60504.7
12139.4		60516.3
12132		60494.6
12159.5		60650.5
12135.7		60506
12155.8		60595.6
12162.5		60650.4
12163.5		60647.1
12159		60624.9
12146		60558.8
12147.5		60568.6
12148.4		60595.7
12134.2		60526.6
12135.4		60536.5
12134.5		60519.9
12122.9		60449.6
12143.3		60582.4
12134.9		60537.5
12142.6		60586.2
12129.8		60545
12164.5		60717.1
12164.1		60717.4
12163		60698.9
12163.9		60708.2
12159		60678.3
12151.2		60608.1
12153.6		60633
12127.6		60513.6
12149.8		60518.6
12147.4		60529.2
12172.2		60698.4
12201.1		60891.6
12198.2		60866.9
12191.8		60809.6
12201.4		60881.1
12201.7		60889.4
12208.5		60825.1
12178		60730.7
12169.1		60679.9
12176.9		60748.9
12194		60835.4
12184.7		60810.8
12173.4		60747.4
12200.6		60923
12196.7		60902.8
12197.4		60901.3
12193.9		60888.3
12188.4		60830.4
12194.4		60825.9
12205.7		60890.7
12214.4		60901.2
12220.7		60850.2
12197.2		60773.9
12211.4		60869.4
12198.4		60825.3
12190.3		60817.3
12206.8		60907.1
12237.5		61032.8
12234.6		61039.7
12231.9		61030.9
12228.9		61012.5
12227.2		61005.8
12219.9		60959.5
12241.5		61077.1
12242.5		61085.8
12239.7		61051.9
12249		60998.6
12249.6		61042.8
12238.7		61042.8
12301.2		61330.9
12289.7		61267.1
12296.8		61281
12350.2		61562.9
12351.5		61568.1
12348.5		61559.1
12347		61540.9
12347.2		61554.5
12353.5		61542
12353.7		61551.3
12369.8		61664.8
12357.9		61541.3
12349.9		61528.3
12300.8		61373.9
12317.9		61466.5
12331		61552
12338.6		61570.3
12314.2		61477.1
12324.6		61518.3
12324.8		61516.1
12328.9		61535.3
12332.9		61555.7
12338		61587.5
12329.1		61522.7
12345.9		61618.2
12347.5		61648.1
12347.7		61592.4
12370.7		61676.2
12330		61550.7
12333.2		61536.1
12337.5		61554.1
12350		61606.1
12387.7		61844.5
12385.6		61832.5
12386.7		61842.8
12380		61803.2
12380		61798.8
12367		61725.9
12388.3		61828.8
12398.5		61861.6
12386.8		61762.6
12350		61611.1
12339.7		61580.9
12334.3		61578.7
12336.5		61576.8
12326.2		61487
12289.2		61280.1
12290.8		61285.3
12291.4		61300.7
12293.3		61298
12289.4		61284.1
12294.1		61301.1
12307.5		61351
12303.7		61327.5
12297		61296.8
12290.4		61248.1
12279.5		61259.7
12269.5		61253
12278.2		61340
12301.5		61454.8
12335.3		61647.7
12301.9		61466.7
12321.3		61586.3
12324.6		61593.2
12328.5		61602.6
12329.4		61605.8
12337.5		61653.1
12309.1		61523.7
12304.2		61479.5
12293.6		61385
12286.7		61351
12277.9		61296.2
12231.6		61125.2
12241.4		61183.9
12257.2		61286.6
12267.7		61320.8
12275		61380.9
12245.6		61216.4
12263.5		61305.9
12263.2		61310.3
12254.8		61264.7
12237.6		61171.9
12214.9		61061.6
12227.4		61134.4
12229.6		61104.8
12243.3		61146.6
12250.8		61136.9
12229.5		61101.6
12221		61074.4
12206.9		60973.9
12220.5		61043.5
12262.1		61285
12237.6		61160
12247.1		61225.3
12251		61245.8
12253.6		61258
12253.3		61266.7
12264.5		61298.3
12262.3		61298.2
12259.2		61276.4
12260.2		61289.5
12269		61293.8
12245.7		61217.9
12239.9		61207.9
12238.1		61229.8
12245.2		61274.6
12300.5		61559.4
12279		61450
12276.3		61436.3
12278.6		61435.9
12283.6		61470.7
12280.2		61474.8
12288.3		61518.1
12284.9		61498.3
12287		61513.8
12290.7		61552
12320.3		61629.8
12296		61544.1
12291.9		61539.8
12297		61527
12309		61601.1
12304.7		61619.6
12311		61698.9
12309.9		61685.9
12311.3		61696
12309		61692.1
12311.3		61704.5
12301.1		61654.6
12285.6		61554.9
12309.9		61677.5
12312.7		61701.9
12299.2		61599.1
12251		61397.9
12260		61445
12264.6		61498.1
12287		61634.3
12258		61529.1
12288.2		61697
12286.7		61702.5
12295.8		61730.7
12304.3		61768.5
12290.7		61722.9
12283.8		61683.1
12274.7		61643.3
12288.9		61698.7
12300.2		61736
12311.9		61746.8
12277.8		61620
12279.7		61638.7
12258.7		61528.4
12293.5		61736.5
12304.2		61785.5
12316		61868.1
12319.8		61886.1
12318		61880.5
12320.7		61909.3
12334.8		61963.4
12329.8		61915
12333.9		61939.9
12345.9		61996.8
12358.2		62005.3
12335.3		61943
12317.3		61869.2
12304.9		61811.3
12300.7		61816.5
12311.7		61836.6
12316.2		61913
12314		61900.2
12314.3		61908.2
12326.1		61952.8
12326.4		61969.8
12320.9		61924.6
12295.4		61785.6
12290		61747.7
12327.7		61908.4
12313.9		61894.7
12284.1		61737.4
12281.5		61712
12291.4		61743.1
12293.6		61784.2
12264.7		61634.8
12246		61514
12248		61515.4
12251.7		61542.4
12250.6		61535.9
12233.9		61438.9
12237.5		61468.6
12236		61461.6
12241.2		61482.2
12261.4		61595.6
12270.8		61637.9
12250.5		61522.3
12279.5		61684.6
12297.8		61787.3
12268.1		61571.1
12288.4		61709.8
12281.8		61671.1
12285.8		61692.6
12287.8		61690.8
12295.2		61729.2
12284.7		61663.3
12302.7		61712.6
12317.1		61788.9
12314.5		61800.4
12290.6		61703.8
12275.8		61651.8
12276.4		61658.3
12269.7		61631.2
12291.1		61762
12263.1		61594
12273.2		61683.5
12270.3		61661
12275.7		61690.7
12282.4		61729.4
12282.2		61734.1
12280.1		61704.5
12292.9		61747.6
12298.7		61764.2
12338.5		61886.1
12329		61907.5
12297.1		61720.8
12286.4		61664.2
12271.3		61557
12290.8		61705.4
12264.2		61566.9
12297.1		61752.9
12295		61745
12294.2		61722.8
12285.5		61690.8
12288.7		61716.8
12290.5		61707.9
12300.5		61729.5
12309.9		61791.3
12325.3		61824.3
12329.1		61870.8
12308.5		61785.7
12306.6		61783.8
12294.1		61701.7
12317.9		61853.1
12253.5		61481.4
12268.6		61576.7
12270.9		61575.5
12268.1		61565.3
12266.2		61555.7
12272		61581.2
12269.5		61579.4
12272.3		61576.5
12276.5		61597.5
12288.3		61623.6
12280.8		61562.5
12285.7		61639.4
12267.5		61529.1
12265.5		61524.5
12264.7		61510.6
12254.3		61457.6
12288.8		61639.7
12286.3		61640.8
12292.4		61669.2
12290.2		61665.9
12272.6		61588.7
12273.9		61590.8
12257.8		61544.5
12252.2		61517.7
12254.1		61561.1
12273.8		61608.2
12275.9		61611
12287.7		61665
12279.4		61614.8
12293.9		61655.5
12326.7		61851.5
12294.3		61699.7
12326.9		61898.1
12335.4		61934.5
12345.9		61978.3
12343.7		61961.7
12363.8		62043
12357.3		62016.9
12365.7		62021.6
12373.8		62058.7
12362.9		61997.6
12328.7		61858.6
12344.4		61917.3
12343		61936.4
12340.3		61942.9
12354		62059
12351.1		62052.4
12336.5		61979
12341.6		62012.6
12342.7		62017.6
12346.3		62037.6
12344.6		62041.1
12348.2		62064.9
12349.3		62086.6
12348.8		62069.5
12353		62134.5
12342.6		62039.1
12353.6		62029.6
12347.9		61985.8
12338.4		61952.1
12331.7		61876.7
12327		61878.8
12319.1		61822.6
12323.9		61846.3
12322.7		61837.2
12329.4		61880.5
12341.3		61943.7
12332.8		61915.3
12333.4		61934.1
12339.4		61973.3
12329.9		61895.9
12338.1		61961.9
12327.4		61912.6
12338.6		61914.9
12347.4		61971.4
12342.6		61977.5
12357.7		62016.9
12385.5		62188.4
12380		62217
12394.2		62294.6
12407.9		62355.6
12417		62394.9
12411		62362.5
12417.2		62366.5
12417.7		62362.6
12427.3		62375.3
12433.3		62439.2
12419.1		62360.4
12421.9		62323.9
12416.2		62297.4
12417.7		62346
12408.7		62292.2
12411.9		62302.5
12465.7		62563.2
12498.5		62765.5
12502.9		62784.5
12499.5		62776.6
12503.9		62805.8
12496.4		62776.4
12498.5		62792.5
12512.8		62877.7
12514.3		62869.4
12536.8		62960.8
12501		62844.3
12500.9		62786.6
12516.2		62889.7
12522.2		62914.9
12510.4		62865.4
12553.5		63133.1
12534		63006.9
12546.4		63054
12547.7		63061.2
12556.8		63101
12550.2		63066.7
12558		63070.5
12553.5		63034
12555		63041.8
12544.3		63049.6
12509.2		62870.4
12520.4		62892.7
12523.1		62907.5
12522.6		62952.2
12523.2		62973.2
12496.3		62812
12546.3		63062.2
12533.7		63025.4
12540.3		63058.6
12542.2		63057
12541.1		63057.5
12545.3		63079.7
12542.6		63049.6
12549.5		63106.6
12546.2		63092.8
12551.5		63129.8
12553		63148.9
12551.2		63117.7
12562.3		63183.8
12552.5		63132.7
12533.1		63025.6
12593.5		63341.6
12584.1		63262.8
12588.1		63287.3
12588.4		63288.4
12583.9		63269.9
12593.4		63326.3
12589.6		63323.6
12595		63345.8
12595.9		63349.5
12587		63302.2
12591.1		63330.6
12613.6		63355.1
12620.2		63424.3
12633.8		63480.1
12636.8		63513.7
12691.8		63869.2
12693.7		63857.8
12694.1		63872.1
12698.6		63899.4
12697.1		63892.6
12688.7		63861.3
12699		63907.5
12703.7		63921.1
12696.7		63909.9
12688.5		63911.2
12688.9		63915.5
12666.6		63777.4
12685.2		63873
12715.5		64056.8
12716.1		64070.9
12765.6		64304.7
12754.1		64344.3
12759.9		64373.8
12760.9		64373.1
12763.1		64389.1
12756.7		64346.8
12761.5		64346.1
12754.3		64296.5
12755.4		64294.7
12746.7		64240.2
12715.9		64143.6
12707.3		64070.5
12676.8		63925.4
12691.3		64028.6
12683.9		64002.2
12694.6		64035.2
12712.2		64126.7
12723.2		64233.5
12745.8		64335.9
12745.8		64342.8
12754.6		64383.6
12752.8		64359.7
12761		64393.6
12779.6		64478.3
12784.3		64499.5
12788.3		64535
12767.7		64446.9
12781.2		64522.3
12781.4		64526.6
12789.6		64573
12788.2		64572.6
12760		64406.7
12781.8		64523.6
12821		64752.1
12825.3		64771.6
12827.9		64780.7
12840.7		64834.6
12841.1		64832.4
12831.9		64788.7
12829.4		64778
12829.3		64782.8
12817.9		64763.5
12805.4		64627.4
12804.9		64640.3
12798.2		64613.3
12805.4		64628.9
12800.2		64589.3
12849.6		64844.8
12803.2		64579.4
12819.9		64649.5
12835.5		64726
12837.4		64740.7
12844.9		64777.9
12840.3		64749.2
12848.6		64774.7
12846.9		64752.9
12863		64805.6
12837.3		64735.7
12830.6		64696.1
12834.7		64744.9
12794.5		64561.3
12776		64457.7
12777		64477.4
12779.2		64493.5
12757.4		64389.4
12783.3		64571.6
12791		64631.3
12790		64625.6
12798		64657.5
12797		64647.7
12807.9		64693.5
12810.4		64687.7
12823.3		64736.4
12807.8		64679.6
12790.6		64552
12814.5		64739.4
12796.6		64668.4
12785.1		64586.9
12771.8		64565.6
12774		64568
12765.2		64525.8
12820.4		64834.2
12837.7		64927
12833.1		64892.2
12842		64940
12838.4		64925.6
12835.8		64913.2
12838		64928.4
12849.4		64969
12866		65060
12858.1		64995.2
12849.5		64962.9
12840.7		64959.7
12837.2		64934.7
12819.5		64822.7
12828.6		64914.6
12809.8		64802.3
12823.6		64912.5
12833.8		64944.7
12838.6		64959.3
12847.7		65027
12836.4		64975.1
12845.8		65017
12849.9		65034.9
12862.4		65119.4
12852.7		65065.9
12853.1		65097.6
12843.6		65053.3
12829.3		64983.4
12835.8		65016.4
12839.4		65032
12791.1		64778.2
12785.9		64725.7
12792.4		64775.6
12785.5		64729.7
12799.3		64797
12806.9		64852.3
12805.2		64853.3
12795.5		64821.1
12791.6		64796.7
12807.2		64896.9
12787		64807.4
12780.3		64766.9
12755.3		64662.9
12760.6		64667.1
12750.3		64640.8
12755.9		64688.1
12745.3		64637.7
12760.3		64725.4
12788.8		64868.6
12788.8		64881.5
12804.9		64959.8
12799.3		64931.7
12797.7		64913.8
12800.2		64917.2
12809.6		64991.1
12810.7		65036
12782.7		64859.9
12798.9		64926.2
12806.6		64964.5
12771.1		64769.7
12752		64670.3
12755.2		64666.6
12748.1		64641.2
12743.8		64640.1
12743.1		64603.4
12742.6		64598.1
12759.3		64691
12755.7		64672.3
12755.5		64681.8
12754.7		64679.4
12763.3		64724.4
12759		64662.5
12736.1		64547.2
12726		64491.3
12750.2		64635.5
12713.2		64470.5
12706.1		64436.8
12713.8		64488.5
12701		64394.1
12694.8		64395.6
12696.4		64400
12697.7		64406.8
12707.6		64459.8
12707.1		64479.1
12685.8		64373.5
12698		64412.2
12693.4		64421.1
12681.7		64353.5
12676.5		64314.8
12675		64301.4
12648.8		64156.9
12647.7		64219.6
12657.5		64270.6
12660.4		64294.5
12662.6		64316.4
12653.1		64270.8
12647.1		64244.3
12651.5		64277.1
12640.5		64242.5
12628.2		64131.9
12631.2		64153.8
12629.1		64189.8
12612.8		64088.6
12589.8		63963.2
12605.1		64031.4
12601.2		64012.7
12619.6		64069.6
12624.8		64136.6
12633		64174.9
12637.1		64183.9
12636.8		64180.8
12635		64179.2
12633.3		64156.7
12643.3		64186.1
12637.2		64166.7
12610.6		64005
12640		64158.5
12631.1		64151.5
12635.3		64171.2
12637.9		64166.7
12637.5		64173.9
12637.4		64156.4
12630.9		64157
12648.5		64246
12647.2		64254.5
12655.9		64300.7
12650.8		64277.2
12642.7		64264.5
12656.5		64359.8
12674.5		64425.1
12625.8		64151.9
12640.3		64212.3
12625.8		64115.4
12623.5		64116.4
12616		64052.7
12615.2		64083.5
12654.1		64316.2
12638.9		64269.9
12650.9		64333
12663.6		64386.4
12660.7		64373.6
12656.8		64346.5
12663		64371.7
12668.4		64384.9
12667.1		64385.4
12682.1		64428.3
12641.2		64233.2
12654.6		64250.1
12661.6		64242
12658.4		64217.5
12659.4		64213.2
12640.4		64101.9
12656.2		64168.4
12692.4		64419
12638.8		64118
12636.3		64089.8
12640.4		64111.1
12647.1		64138.2
12643.8		64127.8
12661.8		64216.1
12670.6		64261.2
12692.7		64360.1
12667.2		64287.1
12668.5		64235
12676.2		64242.4
12659.4		64184.4
12650.4		64140.8
12652.6		64151.4
12688.8		64409.8
12662.1		64275.3
12682.1		64344.3
12677.8		64328.3
12688.5		64375.2
12693		64401.4
12698.8		64432.6
12699.4		64413.9
12704.5		64413.1
12677.1		64288.6
12651.4		64157.7
12655.7		64164.9
12648.7		64138.5
12649.2		64135.9
12662.6		64216.6
12664.3		64228.2
12676.8		64273
12635.8		64075.1
12629.2		64040.4
12638.2		64068.9
12634.8		64049.5
12631.8		64025.9
12638.4		64078.9
12650.2		64117.1
12649.7		64141.2
12649.3		64159.7
12625		64085.6
12631.6		64130.9
12639.2		64164
12642.6		64186.1
12618.5		64044.7
12594		63927.5
12602.9		64013.8
12583		63918
12590.2		63942.9
12585.4		63921.9
12596.7		63982.5
12596.5		63984.1
12590.9		63954.3
12589.5		63957
12593.4		64006.2
12581.2		63982.4
12575.9		63981.4
12574.8		63995.8
12570.3		64015.6
12563.1		63971
12558.3		63935.6
12545.6		63871.4
12511.9		63742.3
12522.4		63793.1
12539		63861.4
12546.8		63910
12548		63914.1
12559.4		63959.9
12552.8		63947.6
12536.2		63867.2
12554.3		64011.4
12560.6		64069.1
12543.9		63996.7
12570.3		64090.1
12563.4		64105.8
12550.7		64019.5
12562.6		64089.8
12543.6		63991.3
12514.6		63869.4
12501.2		63769.2
12501.7		63778.5
12493.4		63734.6
12492.8		63745.1
12493.4		63759.2
12496.3		63779.2
12501.9		63801.4
12497.6		63807.9
12507.8		63840
12498.2		63754
12455.5		63547.5
12501.8		63761.4
12520.1		63873.2
12515.7		63864.4
12529.9		63945.2
12455.6		63625.1
12453.8		63563.6
12506.5		63851.1
12501		63860.1
12504.6		63867.1
