0		0
572.316		2791.73
572.316		2791.73
632.433		3095.88
632.433		3095.88
691.436		3403.61
691.436		3403.61
776.584		3857.45
800.881		3949.05
823.907		4049.16
821.596		4060.94
821.596		4060.94
851.825		4236.9
888.46		4445.18
888.46		4445.18
922.373		4603.3
931.689		4640.5
956.196		4765.58
959.357		4798.96
1012.65		5074.14
1047.92		5271.11
1044.24		5278.2
1064.9		5385.12
1084.19		5478.18
1125.45		5650.35
1158.42		5844.66
1191.63		5989.55
1204.27		6059.13
1231.56		6187.22
1269.9		6367.75
1261.41		6333.73
1286.57		6457.24
1316.88		6592.05
1334.05		6692.9
1365.46		6835.41
1401.72		7012.74
1455.96		7248.98
1455.28		7241.24
1471.16		7345.51
1503.43		7508.22
1524.98		7594.04
1555.72		7738.35
1570.75		7829.15
1616.6		8035.66
1651.07		8215.6
1663.14		8288.42
1712.74		8531.64
1732.4		8601.56
1753.68		8736.01
1770.72		8800.06
1799.01		8981.76
1809.88		9016.97
1848.23		9207.65
1846.53		9180.37
1885.88		9361.81
1877.35		9326.95
1931.42		9581.38
1925.43		9559.72
1961.39		9760.98
1988.3		9835.61
2003.43		9939.22
2041.12		10066.2
2054.8		10177.1
2072.92		10268.8
2097.95		10331.6
2108.28		10403.3
2141.52		10518.6
2154.08		10601.5
2152.3		10573.8
2201.99		10787.3
2203.56		10814.9
2240.97		10976.7
2231.75		10961.4
2256.58		11082.9
2276.56		11184.5
2255.57		11064.4
2313.41		11383.4
2307.44		11341.2
2346.38		11499.7
2360.13		11583.5
2336.17		11417.5
2402.15		11771
2399.27		11719.8
2402.67		11710.9
2468.51		12103
2460.88		12004.2
2512.3		12270.6
2516.97		12315.1
2517.9		12207.3
2593.87		12678.9
2588.9		12666.5
2554.99		12493.1
2641.54		12873.5
2645.8		12900.6
2618.78		12767.1
2713.73		13244.3
2704.2		13230.6
2673.29		13087
2755.4		13439.7
2739.27		13408.8
2729.88		13341.9
2800.04		13715.5
2794.7		13718
2781.07		13661.5
2830.38		13869
2835.45		13892.6
2826.18		13868.6
2845.74		13925.3
2882.17		14161.9
2882.73		14158.4
2881.87		14107.2
2921.61		14334.7
2916.15		14331.3
2920.64		14384
2960.88		14513
2960.26		14502.2
2967.39		14566.3
2991.64		14637.2
3002.04		14699.8
3009.67		14747.6
3013.06		14763.3
3034.92		14843.3
3039.57		14866.2
3069.91		15008.8
3095.66		15096.7
3097.35		15127.1
3116		15211.9
3103.93		15120
3130.06		15224.5
3137.86		15272.5
3161.21		15399.2
3153.18		15357.4
3160.37		15402.9
3182.12		15498.2
3162.54		15414.3
3153.25		15396.4
3152.94		15390.5
3199.29		15610.7
3163.68		15480.7
3182.83		15536.6
3196.28		15589.7
3211.56		15671.7
3197.94		15624.3
3205.35		15665
3229.42		15745.7
3226.87		15738
3256.15		15858.2
3248.83		15822.8
3279.36		15986
3263.58		15863.4
3282.94		15974.5
3281.37		15968.5
3310.66		16115.7
3277.39		15930.1
3297.07		16041.4
3304.07		16069.8
3336.95		16237.2
3297.15		16051.6
3329.59		16228.7
3329.1		16224.8
3355.15		16358.8
3318.32		16149
3338.54		16319.8
3339.6		16333.3
3354.64		16372.2
3378.26		16515.9
3348.46		16403
3369.88		16518.5
3367.08		16511
3390.07		16626.8
3337.46		16319.8
3383.75		16628.9
3388.6		16658.1
3419.47		16793.5
3388.78		16581.9
3438.43		16889.9
3438.93		16897.7
3461.75		16969.5
3450.7		16885.8
3488.64		17132
3487.01		17134.3
3491.4		17128.6
3546.61		17332.4
3499.05		17192.7
3528.94		17342.1
3527.31		17333.2
3551.05		17440.6
3515.04		17228.8
3561.5		17556.8
3561.08		17566
3568.7		17565.5
3616.89		17796.7
3533.66		17416.5
3584.77		17737.2
3582.38		17722.5
3596.78		17767.1
3656.53		18003.1
3591.8		17768.6
3623.93		17933.4
3623.22		17929.3
3639.51		17995.2
3628.43		17876.1
3667.66		18125.4
3664.32		18126.4
3666.98		18133.2
3680.69		18185.4
3650.39		17997.2
3686.11		18231.2
3684.11		18243.6
3688.65		18260.6
3700.74		18300.9
3656.81		18057
3705.51		18339.3
3703.63		18352.2
3707.18		18369.4
3716.71		18388.3
3667.11		18119.3
3739.89		18503.5
3729.38		18470.2
3729.86		18478.8
3776.4		18633.4
3682.79		18184.8
3739.24		18523.3
3732.78		18513.4
3736.14		18529.9
3784.82		18686.1
3711.65		18329.4
3760.63		18636.1
3759.75		18651.6
3764.31		18671
3797.36		18789.6
3735.7		18465.1
3772.61		18692.6
3764.45		18680.7
3770.46		18708.7
3805.8		18825.6
3728.38		18470.9
3769.71		18714.3
3763.77		18719.7
3770.41		18740
3787.2		18765
3768.43		18677.8
3777.83		18727.3
3786.69		18792.9
3791.65		18818.3
3808.42		18849.3
3858.54		19151
3791.03		18773.4
3819.99		18932
3826.36		18971.4
3829.47		18976.7
3873.32		19200.6
3822.63		18906.3
3875.21		19146.7
3870.84		19140.6
3873.25		19158.1
3891.02		19186.5
3881.57		19203.9
3874.77		19121.4
3909.33		19321.6
3919.94		19377
3923.96		19382.1
3960.78		19616
3931.84		19421.7
3960.37		19540.5
3971.47		19605.8
3973.4		19608.6
3992.53		19632.7
3976.62		19645.8
3988.17		19654.2
4015.48		19786.9
4025.44		19835.8
4027.58		19832.1
4067.41		20078.6
4055.98		19964.4
4075.57		20071.9
4081.61		20119.5
4086.78		20144.1
4111.2		20194.9
4121.67		20284.1
4107.07		20192.1
4143.76		20366.5
4158.23		20438.3
4158.47		20435.2
4195.65		20651.2
4177.93		20476.8
4210.08		20657.3
4215.66		20698.7
4223.8		20740.3
4244.51		20799.8
4269.31		21012.8
4235.3		20777.5
4284.4		21032.7
4286		21034.9
4290.02		21050.6
4312.63		21097
4325.31		21193.8
4302.61		21080.7
4351.13		21323
4361.17		21383.4
4357.96		21374.8
4382.79		21445
4367.59		21449.9
4350.68		21385.9
4388.72		21573.9
4404.52		21648.9
4404.14		21643.1
4431.65		21735.6
4407.36		21660.4
4417.24		21724.3
4442.46		21842.3
4461.01		21930.9
4453.55		21905.9
4484.98		21983.8
4478.9		22011
4438.94		21843.6
4507.06		22172.6
4503.45		22159.5
4519.3		22234.2
4534.11		22241.2
4547.13		22358
4484.65		22070.6
4540.55		22344.2
4541.4		22337.1
4554.81		22394.9
4570.08		22420.7
4585.27		22562.1
4499.77		22178.9
4560.15		22474.1
4561.78		22471.2
4575.26		22530
4590.79		22539.6
4612.12		22700.7
4554.14		22474.6
4602.65		22712.5
4595.07		22675.4
4604.44		22720.3
4618.75		22737
4641.12		22880.4
4611.78		22734.1
4663.89		22957.9
4656.68		22947
4662.43		22972.5
4653.71		22949.9
4688.07		23089.8
4695.71		23044.3
4697.61		23121.2
4700.24		23174
4700		23177.3
4702.2		23192.3
4726.87		23249.5
4736.45		23331.2
4684.24		23147.3
4735.97		23373.6
4740.46		23395
4746.56		23421.4
4746.62		23430.5
4762.66		23518.5
4793.14		23534.5
4764.99		23531.4
4772.23		23615.8
4780.42		23656.7
4774.52		23642.3
4792.8		23684.7
4815.59		23795.5
4778.12		23591
4819.14		23841.2
4816.37		23820.6
4822.38		23847.6
4814.43		23821.9
4834.5		23919.2
4864.37		23900.8
4844.18		23905.8
4855.56		23987.8
4858.92		24005
4867.86		24052.6
4872.65		24068.1
4864.16		24073.1
4909.62		24134.8
4886.28		24164.5
4902.81		24256.7
4915.54		24313.2
4919.16		24336.1
4934.82		24361.5
4918.55		24360
4949.86		24424.1
4961.7		24511.7
4958.18		24526.4
4959.41		24532.9
4968.28		24571.2
4987.05		24624.1
5017.03		24726.3
4986.99		24644.5
5030.53		24882.5
5025.39		24844.7
5022.78		24827.8
5028.25		24844.1
5048.12		24919.2
5096.46		25039.9
5033.06		24891.3
5073.81		25103.4
5077.78		25113.9
5072.32		25076.4
5065.41		25039.6
5085.28		25133.9
5115.2		25139.7
5061.77		25054.2
5104		25266.2
5103.75		25262
5100.7		25247.1
5094.57		25209.9
5113.65		25313
5139.25		25321.8
5098.54		25300.7
5141.97		25508.8
5141.39		25506.8
5137.17		25476.2
5127.78		25419.7
5143.64		25501.1
5166.43		25487.4
5124.49		25460.4
5177.77		25683.4
5183.84		25716.7
5174.69		25678.5
5163.31		25618.3
5176.61		25677.9
5226.65		25794.8
5173.59		25697.6
5226.86		25960
5220.08		25919
5219.89		25924.2
5208.63		25866.8
5238.2		25965.2
5249.13		26044
5212.7		25907.6
5273.96		26174.3
5264.15		26139.4
5260.48		26119
5258.81		26108.6
5272.17		26148.1
5280.86		26213.8
5280.05		26132.9
5321.85		26285.9
5324.06		26372.5
5320.66		26348.5
5323.97		26374.4
5334.53		26405.6
5334.56		26409.6
5350.82		26365.4
5343.82		26372.6
5384.78		26603.4
5378.88		26565.8
5378.1		26564.5
5374.89		26540
5391.06		26617.1
5410.55		26567.1
5366.77		26475.8
5429.93		26781.6
5431.97		26781.8
5434.23		26796.9
5427.9		26753.6
5443.26		26813.4
5429.46		26748.4
5449.71		26798.8
5499.13		26990.2
5482.3		26970.3
5485.32		26975.2
5487.45		26996.2
5495.79		27029.7
5487.74		26999
5508.32		26992.7
5509.98		27049.5
5548.21		27248.2
5543.25		27224.6
5540.81		27205
5536.38		27178.4
5537.43		27161.6
5574.84		27263.7
5531.27		27129.2
5606.57		27451.9
5597.98		27415.4
5595.39		27395.2
5600.67		27424.6
5608.47		27463.7
5607.84		27457
5655.02		27604.6
5626.57		27495.9
5672.72		27737.2
5681.1		27764.8
5675.65		27733
5685.2		27777.8
5692.34		27793.5
5700.4		27848.5
5672.28		27649.6
5733.37		27899.3
5749.35		28074.5
5756.33		28094.3
5750.32		28052.1
5757.91		28095.1
5761.89		28093.4
5773.24		28135.9
5757.49		28105.6
5817.78		28371.7
5818.84		28396.3
5817.59		28385
5819.15		28387.8
5837.84		28456.8
5841.12		28474.4
5859.33		28551.5
5822.71		28399
5864.68		28633.5
5872.03		28654.4
5864.52		28608.3
5877.19		28667.4
5881.71		28665.9
5878.01		28659.8
5904.96		28714.2
5859.41		28542.5
5896.77		28758
5903.1		28792
5899.75		28766.3
5912.53		28829
5912.58		28808.5
5902.84		28795.7
5928.93		28843.5
5897.77		28754.8
5924.5		28896.2
5923.7		28890.1
5922.62		28876.6
5924.15		28890.1
5929.91		28904.2
5919.16		28863.9
5961.72		28999.2
5917.22		28789
5971.63		29071.6
5974.21		29076.5
5975.26		29082.9
5979.18		29102.6
5985.69		29124.4
5978.75		29108.2
6014.3		29235.5
5989.21		29095.5
6036.07		29362.3
6038.09		29366.5
6038.63		29370.1
6039.61		29388.6
6044.73		29407.5
6036.63		29368.4
6052.26		29470.9
6036.93		29460.5
6086.56		29682.5
6099.02		29708.1
6098.75		29709.4
6103.14		29737.4
6107.77		29756.6
6108.08		29760
6137.6		29954.2
6121.01		29914
6186.6		30180
6170.75		30096.7
6175.31		30107.5
6176.88		30109.6
6189.25		30157.6
6186.77		30139
6210.51		30301.7
6181.41		30177.8
6246.37		30405.8
6233.6		30362.5
6241.84		30390.2
6246.25		30398.9
6251.79		30420.8
6252.75		30414.2
6261.85		30522.5
6238.68		30431
6310.04		30630.7
6299		30631.8
6304.58		30661
6305.35		30658.2
6308.7		30676.3
6317.63		30676.5
6317.01		30689.4
6307.72		30675.4
6315.1		30622.6
6363.42		30886.2
6369.25		30890.5
6369.43		30894.6
6370.34		30898.3
6371.25		30896.4
6371.1		30865.7
6387.37		31014.6
6371.67		30955.1
6421.99		31062.9
6425.21		31167.8
6434.3		31199.3
6436.41		31213.6
6439.94		31225.1
6434.44		31191.6
6425.8		31155.1
6400.6		31074.5
6415.46		31169.7
6494.79		31451.5
6488.93		31456
6497.23		31509.4
6499.32		31519.6
6507.2		31547.3
6510.21		31545.6
6506.72		31491.9
6506.37		31494.2
6500.42		31458.8
6573.65		31803.5
6553.76		31733.1
6558.46		31769.2
6566.76		31806
6567.09		31800.6
6561.17		31772.1
6579.7		31793
6546.92		31632.5
6586.65		31759.9
6605.66		31929.2
6597.6		31884
6595.96		31872.2
6602.43		31897.1
6607.74		31918.7
6602.17		31876
6614.45		31904.5
6587.6		31775.7
6657.55		32109.8
6646.49		32052.5
6649.87		32069.3
6652.46		32072.8
6659.74		32103.7
6663.03		32117.9
6663.14		32086.2
6678.64		32121.5
6652.34		32052
6713.67		32354
6710.61		32324.3
6708.16		32308.6
6711.11		32326.8
6712.43		32307.9
6718.05		32329.3
6724.65		32344.4
6740.57		32408
6710.36		32348.3
6756.85		32641.9
6763.32		32642.8
6756.72		32606.3
6755.88		32602.6
6753.53		32590.4
6757.6		32585.2
6759.99		32582.4
6757.88		32576.6
6705.85		32394.4
6766.64		32731.5
6775.36		32749.3
6773.99		32736.8
6772.66		32721.7
6770.64		32721.5
6771.72		32728.6
6779.67		32744.9
6814.59		32833
6735.18		32546
6784.95		32798.1
6792.29		32823.6
6789.57		32822.5
6796		32847.5
6803.3		32878.1
6805.43		32874.4
6810.21		32881.9
6852.84		32982
6795.34		32734.7
6811.12		32862.8
6830.83		32906.3
6838.53		32954.8
6839.88		32953
6844.45		32988.9
6844.31		32969.4
6844.27		32963.3
6848.02		33010.7
6846.39		32899.5
6829.55		32867.8
6879.21		33065.8
6887.04		33088.3
6883.04		33074.8
6892.04		33125.3
6899.27		33154.2
6898.64		33143.7
6910.8		33200.1
6922.44		33212.5
6908.62		33200.8
6958.48		33393.6
6960.9		33423.6
6959.48		33427.9
6968.58		33485.5
6969.88		33485
6965.54		33482.4
6964.95		33467.1
7008.81		33657.9
6980.86		33583.1
6991.79		33649.3
7001.65		33688.3
7003.48		33690.4
7000.11		33673.1
7006.81		33712
7012.75		33748.8
7008.61		33730.5
7022.22		33776.8
7055.06		33914.5
7044.19		33837.9
7036.24		33784.6
7044.72		33849.2
7041.91		33844.1
7043.08		33860
7047.92		33886.4
7044.96		33886.1
7047.15		33899.9
7095.46		34077.5
7070.82		33966.4
7101.31		34125.9
7097.64		34098.4
7104.47		34114.5
7105.34		34124.8
7113.46		34172
7112.11		34162.9
7109.08		34154.5
7106.77		34149.3
7152.55		34321.9
7124.97		34227.8
7147.24		34325.8
7151.57		34325.3
7144.9		34302.9
7146.43		34299.6
7151.27		34325.6
7155.46		34354.1
7153.99		34346.5
7177.49		34457.7
7173.21		34446.9
7210.16		34618.4
7201.75		34574.1
7198.79		34558.3
7200.07		34572.9
7197.81		34561.1
7206.5		34600.5
7198.52		34575.3
7201.84		34583.2
7260.8		34800.8
7253.69		34781.6
7274.01		34865.7
7278.76		34886.8
7283.93		34918.4
7285.7		34926.7
7291.87		34949.6
7298.5		34980.8
7285.8		34930.8
7305.4		35038.4
7325.03		35063.9
7359.9		35188.4
7352.79		35151.7
7369.26		35241.7
7365.15		35211.6
7370.55		35249.9
7375.95		35283.2
7376.48		35292.8
7381.7		35319.3
7399.13		35419.1
7415.54		35475.7
7444.11		35565.6
7433.21		35526.6
7431.24		35527.9
7427.8		35515.6
7437.63		35563.9
7443.39		35592
7436.59		35576
7446.79		35609.4
7462.45		35761.4
7482.84		35766.5
7505.57		35834.3
7487.61		35759.7
7500.13		35856.7
7499.45		35852.6
7513.54		35924.4
7515.62		35919.4
7515.93		35914.4
7526.15		35976
7545.33		36085.1
7548.8		36108.1
7602.64		36313.9
7576.58		36177.3
7593.66		36275.4
7594.88		36292.4
7607.35		36338.5
7609.03		36338.3
7607.43		36335.4
7609.27		36355.1
7628.72		36432.7
7635.82		36539.6
7678.66		36674.1
7633.65		36427.7
7658.98		36553.1
7654.05		36527
7655.26		36532.6
7654.88		36512.5
7649.85		36497.9
7653.48		36508.7
7665.81		36563.2
7689.01		36707.5
7690.62		36700.5
7678.65		36628.6
7692.82		36696.8
7692.16		36696.9
7702.23		36741.3
7710.73		36771.6
7699.9		36709.3
7699.25		36708.4
7704.52		36752.7
7711.19		36790.1
7730.85		36927
7714.04		36809.4
7701.54		36739.9
7727.43		36888.3
7722.57		36865.3
7726.5		36890.5
7720.87		36848
7712.08		36813.8
7713.82		36806.6
7710.58		36811.7
7727.41		36931.8
7750.13		36967.2
7723.03		36860.9
7721.89		36899.6
7739.32		36978.5
7742.3		36989.5
7743.17		36990.9
7738.7		36962.9
7738.89		36952.9
7745.86		36935.4
7737.85		36926.5
7778.56		37152.1
7741.64		36975.5
7746.44		36977.1
7745.93		37028
7756.98		37094.9
7762.7		37123.7
7762.7		37111.4
7763.04		37112.4
7754.16		37070.6
7756.87		37056.6
7787.01		37196.2
7785.72		37177
7763.87		37098.7
7743.36		37029.1
7771.46		37205.3
7779.33		37239.9
7779.08		37233
7781.82		37239
7784.6		37255.8
7791.46		37263.3
7788.37		37228
7805.32		37317.9
7820.98		37338.9
7789.19		37214.2
7792.38		37291.6
7809.66		37371.7
7812.34		37388.7
7810.06		37394.1
7810.77		37400.5
7806.59		37386.8
7810.81		37391.1
7809.13		37353.9
7804.11		37360.8
7829.19		37438.1
7788.29		37240
7794.96		37302.7
7830.54		37470.2
7826.11		37453.3
7832.4		37488.6
7826.3		37467.7
7834.17		37506.5
7839.14		37527.3
7840.05		37514.2
7835.15		37553.1
7874.49		37654.2
7844.61		37508.1
7869.98		37657
7890.19		37778.7
7889.2		37779.7
7888.74		37777.2
7896		37802.9
7906.9		37873.3
7907.18		37882.2
7917.09		37888.3
7913.8		37909.3
7924.09		37964.2
7907.63		37882.8
7902.98		37857.9
7916.87		37937.3
7913.93		37928.6
7912.41		37924.2
7913.35		37935.5
7916.38		37958.1
7919.11		37987
7929.84		37981.9
7925.06		38004.4
7946.63		38147.4
7931.21		38017.4
7941.36		38057.6
7953.25		38093.3
7963.83		38132.7
7963.4		38139.8
7969.52		38166.2
7977.54		38198.1
7974.52		38212.2
7983.1		38227.1
7990.23		38254.6
8030.72		38514.2
8007.35		38381.6
8017.38		38425
8035.24		38513.9
8039.59		38539.6
8045.55		38567.4
8047.12		38576.4
8048		38593.2
8050.23		38640
8060.79		38669.8
8057.4		38658.6
8097.04		38904.8
8096.85		38859.1
8111.26		38941.4
8128.64		39036.1
8132.04		39050
8136.07		39072.7
8135.5		39075.6
8124.09		39010.4
8135.7		39061.1
8136.39		39059.1
8119.55		38970.2
8174.46		39273.8
8142.67		39209.8
8176.78		39337.9
8190		39428
8195.1		39459.2
8196.16		39472.9
8192.23		39450.2
8195.98		39456.8
8203.6		39465.8
8211.72		39493.7
8216.07		39515.3
8203.59		39432.3
8210.75		39515.3
8195.33		39440
8230.72		39623.9
8236.24		39664.8
8248.97		39741.1
8253.28		39763.3
8255.59		39769.2
8243.43		39729.3
8252.95		39788.8
8259.63		39809.9
8260.36		39750.2
8317.12		40026.3
8247.06		39767.2
8253.85		39783.8
8276.98		39925.2
8297.59		40040.4
8298.95		40044.1
8301.69		40045.6
8297.52		40038.6
8288.63		40013
8294.29		40033.3
8308		40097.2
8289.48		39902.9
8315.93		40126.1
8282.61		39972.5
8321.94		40174.4
8344.89		40273.5
8355.95		40355.8
8354.25		40342.3
8352.61		40332.7
8348.64		40323.1
8349.02		40343.2
8349.85		40346
8348.35		40346.6
8338.63		40215.9
8343.08		40261.6
8334.81		40200.9
8370.49		40410.9
8389.27		40492.7
8396.77		40549.1
8398.57		40543.6
8400.35		40547.2
8404.14		40580.8
8406.64		40625.5
8416.93		40672.6
8422.89		40613.2
8465.63		40773.3
8444.63		40741.3
8467.51		40854.4
8481.43		40922
8509.21		41079.1
8510.76		41087
8507.99		41065.8
8510.74		41088.1
8507.26		41093.9
8519.13		41166.3
8525.22		41192.1
8531.95		41072.1
8569.39		41283.4
8547.55		41221.3
8577.08		41400.1
8586.65		41440.1
8607.47		41580.6
8609.3		41597.4
8609.96		41587.5
8612.03		41602.7
8612.49		41607
8624.6		41675
8620.28		41686.1
8628.25		41733.5
8600.62		41548.2
8627.24		41721.9
8626.53		41742.7
8635.58		41777.4
8660.2		41914.4
8666.49		41931.1
8666.26		41932.7
8677.8		41979.6
8670.61		41935.7
8681.6		42017.8
8677.03		42010.1
8686.28		42055
8631.72		41763.9
8690.32		42176.5
8673.73		42044.9
8676.39		42053.3
8711.29		42179.1
8726.26		42249.6
8727.41		42254.8
8733.15		42268.7
8731.82		42254.9
8730.23		42241.8
8732.54		42280.8
8739.52		42339.6
8715.37		42105
8750.38		42419.1
8745.32		42387.9
8771.7		42533.5
8799.26		42612.6
8820.8		42740.1
8819.89		42736.2
8818.2		42720.3
8823.2		42744.7
8823.58		42731
8832.19		42808.2
8819.68		42767
8837.73		42858
8787.42		42557.7
8819.34		42783.4
8801.36		42667.8
8804.65		42688.5
8836.55		42887.6
8847.24		42927.3
8851.24		42938
8854.53		42959.2
8852.83		42956.3
8854.82		42959.5
8856.56		42996.7
8863.12		43046.9
8884.71		43096
8834.21		42792.2
8817.4		42815.2
8837.95		42843.4
8855.09		42941.9
8894.58		43136.7
8909.45		43220.2
8909.9		43222.1
8918.26		43253
8917.97		43249.8
8924.59		43265.4
8927.97		43297.7
8945.05		43374.9
8940.23		43214.8
8953.24		43373.9
8944.8		43341.4
8912.06		43129.8
8924.02		43191.9
8957.66		43372.8
8961.78		43392.8
8963.4		43403.4
8974.85		43459.3
8975.86		43454
8975.07		43444
8975.04		43459.5
8985.55		43542.7
8975.66		43374.2
9011.1		43598
8983.04		43532
8959.72		43375.6
8967.79		43419.3
9024.45		43710.1
9027.83		43732.5
9025.68		43718.7
9032.26		43751.6
9035.27		43768
9023.23		43723.5
9027.89		43766.6
9040.77		43830
9029.48		43690.6
9051.41		43847.5
9025.93		43717.4
9035.26		43759.4
9049.67		43827.6
9081.97		44009.3
9082.36		44013.8
9080.88		44005
9083.9		44007.2
9088.92		44034.8
9092		44051.9
9088.55		44059.7
9089.36		44067.2
9088.16		44004.5
9095.68		44059.3
9082.75		44010.8
9080.13		44016.9
9079.02		44010.2
9100.04		44127.4
9101.79		44134.4
9100.05		44123.5
9099.18		44125.1
9100.2		44135.9
9097.97		44143.9
9099.31		44134.8
9115.3		44195.3
9092.8		44071.9
9117.94		44174.9
9099.09		44160.2
9122.68		44252.9
9123.13		44294.8
9137.72		44389.3
9140.12		44396.3
9143.93		44400.8
9142.76		44397.4
9136.94		44381.6
9136.24		44377.6
9149.68		44419.2
9120.39		44265.7
9175.88		44519
9134.56		44361.4
9131.8		44437.2
9127.62		44383
9140.75		44492.4
9156.18		44605.8
9157.47		44606.6
9161.95		44627.4
9163.64		44623.6
9168.89		44655.7
9172.48		44661.2
9173.51		44646.8
9172.97		44666.1
9149.96		44490.1
9170.41		44564.4
9156.95		44521.4
9172.46		44641.4
9186.81		44662.3
9203.26		44756.6
9204.62		44771.9
9208.47		44785.3
9205.32		44762
9219.49		44824.9
9211.3		44780.8
9211.2		44795.5
9240.73		44886.5
9209.97		44716.1
9220.58		44783.8
9218.42		44743.9
9222.37		44780
9231		44786.1
9212.82		44711.3
9214.84		44721
9216.1		44722.3
9215.2		44706.3
9232.2		44779.5
9234.57		44786.1
9234.34		44772.2
9251.79		44848.1
9234.33		44743.7
9279.58		44966.4
9255.66		44873.7
9225.25		44726.6
9269.31		44951.5
9284.99		45016.8
9288.81		45046.1
9287.4		45038.8
9285.93		45033.3
9291.27		45047
9292.36		45051.3
9290.61		45038.2
9300.78		45078.7
9313.75		45135.8
9252.87		44852.9
9289.86		45027.2
9279.88		44995
9317.86		45175.9
9320.55		45156.5
9343.16		45303.4
9342.99		45300.5
9345.41		45308.4
9338.79		45265.3
9350.01		45344.5
9353		45349.6
9352.96		45352.3
9370.63		45441.5
9339.37		45254.5
9358.79		45392.5
9365.42		45419.6
9376.73		45419.5
9414.11		45572.4
9402.55		45533.6
9417.58		45627.2
9420.95		45641.7
9416.62		45631.7
9415.66		45644.4
9428.08		45703.4
9424.73		45679.5
9427.45		45697.9
9459.11		45825.4
9408.29		45561.8
9384.33		45469.2
9393.28		45509.9
9394.11		45482.9
9420.87		45612.2
9418.41		45600.7
9423.99		45645.6
9428.5		45663.9
9425.11		45645.5
9425.32		45666.5
9433.14		45702
9430.31		45702.9
9454.95		45811.7
9483.46		45942
9408.76		45608.2
9397.4		45558.7
9385.76		45470.8
9434.91		45746.9
9416.89		45650.4
9434.31		45758.7
9432.58		45753
9429.72		45734.2
9427.52		45713.6
9434.36		45765.8
9436		45767.7
9439.71		45803.7
9474.47		45941.4
9442.19		45822.2
9448.12		45858.3
9428.35		45774.1
9434.17		45750.9
9499.24		46100.4
9494.89		46045.4
9510.55		46153
9511.94		46159.5
9512.89		46161.3
9507.01		46128.4
9507.75		46119.2
9506.29		46128.3
9486.23		46059.8
9519.92		46203
9497.5		46101.3
9477.24		46025.1
9479.12		46011.6
9487.61		46005.1
9529		46252.8
9519.79		46236.3
9534.16		46324.7
9534.14		46325.9
9535.17		46330.2
9537.56		46325.6
9539.37		46332.2
9539.41		46335.2
9535.92		46338.4
9562.58		46442.8
9539.33		46289.6
9507.1		46141.7
9521.84		46186.6
9543.28		46252.5
9573.51		46495.5
9562.47		46434.9
9575.04		46527.4
9573.95		46521.6
9577.41		46536.6
9573.94		46511.8
9572.28		46482.7
9569.75		46487.1
9566.73		46489.8
9582.59		46597.1
9555.86		46442.9
9555.99		46443.9
9538.11		46395
9542.66		46383.5
9576.58		46541.6
9590.56		46592.2
9599.39		46676
9599.82		46675.8
9604.47		46710.2
9601.96		46689.8
9596.45		46661.3
9592.61		46653.4
9598.71		46672.5
9598.7		46722
9584.59		46593.1
9573		46521.9
9568.62		46511.4
9576.16		46553.4
9613.75		46779.2
9633.27		46945.1
9640.54		47011.5
9643.11		47021.8
9643.36		47027.6
9656.26		47072.9
9651.45		47069.8
9650.62		47073.1
9654.18		47083.6
9646.9		47066.4
9659.56		47126.3
9630.59		46947.7
9600.04		46815.7
9615.06		46844.5
9619.53		46872.9
9641.71		47012.2
9664.55		47151.3
9680.73		47249.6
9679.73		47238.3
9682.12		47249.4
9686.9		47261.9
9686.85		47266.8
9683.77		47259.4
9687.89		47254.5
9704.51		47320
9675.45		47183.1
9659.16		47078.2
9669.55		47167.1
9670.58		47165.4
9675.58		47159.9
9677.04		47219.2
9695.75		47318.9
9708.15		47396.7
9709.5		47402.6
9720.84		47447.6
9713.24		47410.7
9701.18		47365.3
9707.9		47397.2
9713.08		47386.7
9730.09		47455
9704.06		47271.8
9694.04		47254.2
9711.25		47368.3
9696.8		47311.8
9723.35		47451.9
9716.39		47414.8
9731.27		47503.1
9730.71		47499.1
9733.6		47504.9
9738.85		47517
9734.82		47485.7
9730.63		47483.3
9741.55		47494.6
9750.55		47580.3
9736.28		47507.6
9729.69		47414.5
9736.95		47485.4
9759.65		47600.1
9736.78		47494.4
9739.52		47533.8
9745.76		47529.3
9774.84		47700
9775.63		47700.8
9774.52		47702.2
9769.71		47681.4
9762.24		47652.7
9750.63		47605.1
9765.77		47644
9787.49		47750.2
9763.72		47651
9730.04		47494.5
9762.8		47632.3
9763.79		47668.3
9757.06		47707.9
9757.4		47729.3
9762.52		47745.8
9785.99		47866.2
9790.41		47877.4
9788.04		47864.9
9785.45		47852.4
9784.59		47850.1
9785.61		47854.4
9803.93		47898.9
9809.84		47965
9785.78		47877.5
9736.39		47653.1
9776.23		47826.9
9791.02		47927.2
9770.09		47819.8
9777.25		47882.5
9795.39		47968.7
9810.59		48055.1
9806.35		48041.4
9805.67		48047.9
9799.29		48008.5
9794.95		48010.9
9793.91		47996.8
9814.76		48043.9
9820.21		48091.3
9790.72		47983.3
9759.47		47855
9794.63		47980.6
9805.47		48090.9
9820.48		48182.8
9821.57		48223.9
9834.73		48298
9860.42		48441.1
9863.16		48448.9
9870.19		48478.4
9869.17		48470.2
9862.06		48432.7
9864.54		48450.7
9882.66		48464.8
9897.13		48531.3
9881.97		48533.3
9825.37		48296.7
9871.04		48478.8
9873.29		48541.5
9865.81		48496.4
9857.97		48477.2
9867.13		48540.6
9883.18		48644.1
9883.46		48643.9
9886.47		48657.3
9884.97		48650
9876.44		48601.3
9882.56		48629.2
9899.18		48665.8
9894.9		48651.6
9893.97		48689.6
9874.06		48598.1
9885.59		48674
9891.32		48708.8
9913.02		48806.5
9906.29		48788.7
9917.27		48873.5
9940.48		49034.2
9948.83		49079.5
9947.94		49067
9948.2		49072.2
9943.56		49041.7
9946.74		49032.7
9954.91		49062.5
9955.78		49060.5
9962.55		49090.1
9925.93		48921.7
9936.6		48960.8
9939.1		48979.2
9938.91		48974.9
9939.48		48955.2
9924.39		48924
9931.68		48967.3
9939.9		49009.8
9934.48		48976.9
9935.92		48983.3
9925.88		48940.2
9927.18		48941.7
9938.81		48968.5
9931.48		48960.5
9927.81		48943.9
9921.4		48917.9
9886		48719.3
9912.48		48857.8
9933.49		48979.8
9931.06		48951
9937.07		48972.6
9949.78		49055.6
9982		49243.2
9982.34		49242.1
9979.19		49224.4
9985.64		49263.1
9989.95		49271.8
9996.44		49269.1
9997.62		49290.2
9992.89		49238.9
10003.5		49318.3
9975.91		49179.5
9993.57		49272.4
9999.23		49310.3
9991.5		49280.1
9998.36		49284.1
10003.7		49309.1
10021.5		49434.2
10039.2		49511.5
10033.9		49491.5
10032.2		49477.8
10034.6		49498.2
10032.3		49478
10036		49477.5
10048.2		49530.8
10038.1		49509.1
10037.1		49526.7
10005.9		49306.6
10026.2		49416.2
10046.6		49505.8
10038.9		49472.4
10020.3		49350.7
10024.6		49379.9
10063.5		49593
10063.6		49594.9
10064.3		49603.9
10069.5		49618.3
10068		49618
10069.1		49611.3
10067.7		49617.1
10071.2		49608.7
10056.6		49586.6
10030.6		49446.2
10076.6		49690.4
10072		49703.1
10069.4		49704.5
10044.6		49589.4
10044.3		49563.6
10054.5		49627.7
10077.6		49744.2
10076.9		49740.5
10076.6		49744.7
10083.3		49774.7
10080.5		49759.6
10081.6		49768.1
10079.2		49744.3
10079.7		49720.9
10059.1		49670.2
10026.2		49548.2
10078.5		49795.2
10093.1		49862.7
10094		49889.1
10054.1		49725.9
10059.6		49746.5
10075		49855
10090.2		49939.4
10092.3		49956.9
10094.2		49964.6
10099.8		49988.9
10102.6		49996.1
10104.8		50009.6
10099.9		49966.9
10073.1		49850.6
10077.5		49854.9
10068.8		49792.7
10094.7		49925.5
10099.7		49957.2
10095.8		49948.2
10088.3		49927.2
10100.7		49965.7
10116.6		50060.8
10120.2		50080.8
10120.5		50081.5
10117.2		50072.8
10122.1		50083.2
10127		50079.3
10129		50091.6
10128.4		50076.4
10111.8		50015.1
10109.9		50026.9
10077		49872.6
10096.8		49954.7
10140.6		50235.7
10142.6		50244.7
10144.2		50260.9
10144.2		50271.2
10157		50314.5
10156.7		50320.9
10161.3		50343.3
10173.8		50394.3
10158		50303.9
10133.3		50142.8
10149.1		50247.4
10153.7		50284.7
10139.5		50252
10117.3		50142.1
10111.5		50113.2
10138.2		50265.3
10141.6		50285.9
10142.6		50295.8
10143.8		50304.7
10147.5		50317.9
10152		50330.4
10153.4		50346.1
10165.2		50363.5
10159.1		50321.3
10138		50246.6
10141.2		50225.4
10165		50379.6
10157.7		50365.6
10153		50334.2
10139		50328.4
10173.7		50522.8
10174.4		50532.2
10174.3		50533.1
10173.6		50526.1
10173.5		50527.5
10178.8		50540.6
10182.2		50546.9
10185.9		50566.8
10190.8		50558.6
10184.9		50545.3
10178.6		50452.7
10195.6		50580.7
10209		50717.3
10186.1		50603.9
10180.3		50562.3
10160.2		50497.5
10199.1		50656.8
10207		50705.5
10211.1		50732
10210.5		50718.7
10207.9		50716.9
10205.8		50710.5
10206		50690.7
10202.2		50656.2
10216.7		50699.7
10209.5		50683.2
10211		50706
10212.4		50676.1
10241.8		50867.3
10227.6		50823.1
10216.7		50764.4
10195.7		50668.5
10199.2		50698.7
10214.8		50800.2
10216.2		50812.3
10218.6		50825.7
10213.9		50802.6
10212.9		50796.6
10213.5		50788.1
10222.4		50819.1
10217.6		50783
10221.6		50789.6
10222.9		50775.9
10203.4		50730.3
10238		50942.7
10238.3		50971.9
10224.2		50902.4
10230		50974.8
10241.1		51045.5
10262.1		51155.7
10269.7		51192.4
10269.6		51191.1
10271		51198.9
10272.2		51197.1
10270		51181.9
10261.5		51139.6
10265.1		51137.9
10267.1		51120.8
10252.3		51036.7
10242.8		51007.7
10220.5		50926.9
10250.9		51112.4
10257.4		51176
10249.2		51118.2
10240.8		51053.6
10236.8		51026.2
10240.4		51066.7
10257.3		51166.8
10257.7		51169.4
10262.5		51189.6
10251.1		51130.7
10252.3		51129.2
10242		51246.9
10242.4		51249.2
10245.7		51263.8
10242.8		51244.9
10235.8		51216.5
10220.1		51142.1
10227.1		51173.3
10215.6		51140.3
10214.4		51123.3
10218.3		51156.9
10214.3		51133
10223.4		51250.2
10226		51272.8
10228		51298.6
10212.5		51221.6
10210.5		51218.9
10232.6		51348.7
10245.2		51423.8
10247.8		51441.4
10243.6		51418.7
10241.2		51395.8
10247.6		51428.3
10252.3		51449.8
10255.7		51453.8
10251.6		51438.7
10249.5		51412.9
10241		51316.2
10253.3		51390.5
10262.2		51488.5
10274.9		51543.8
10282.4		51618.8
10259.6		51481.7
10258.9		51521.2
10302.3		51758.8
10308.7		51788.2
10313.2		51811.1
10305.3		51763.3
10298.3		51730.3
10299.9		51738.3
10299.9		51735.3
10297.6		51710.6
10284.8		51633.8
10276.8		51633
10257.4		51549.1
10264.1		51631.4
10284.3		51746.8
10300.2		51863.6
10303.8		51889.6
10287.6		51809.7
10270.4		51735
10317.8		51997.1
10323.4		52029.1
10325.9		52045.6
10319.7		52001.6
10314.3		51968.7
10317.4		51974.7
10327.2		52020.8
10328.6		52020.9
10326.2		51980
10326.7		52004.5
10316		51933.6
10361.7		52176.2
10332.3		52090.9
10353.3		52190.2
10336		52073.7
10327.2		52022.7
10314		51956.2
10349.3		52138.6
10360.7		52209.7
10363.9		52237.8
10358.9		52204.3
10355.1		52172.5
10346.9		52141.1
10347		52144.4
10351.6		52153
10349.9		52125.2
10353.4		52136.2
10341.4		52088.2
10334.8		52041
10352.3		52145.4
10386.4		52312.9
10385.1		52284.5
10413.1		52460.9
10424.3		52484.2
10401.6		52382.4
10401.9		52392.1
10415.5		52489.3
10416.6		52503.1
10419		52508.1
10415.7		52503.4
10410.4		52472.7
10411.7		52479.2
10418.3		52519.5
10429.1		52575.6
10449.3		52632.7
10449.3		52634.5
10453.5		52653.3
10457.2		52663.2
10455		52654.2
10460.4		52674.1
10465.1		52688.6
10466.2		52693.4
10457.1		52657.4
10442.8		52591.2
10445.3		52579.3
10445		52591.9
10471.9		52713.2
10448.7		52574.8
10453.3		52618.6
10461.7		52636.4
10446.1		52557.5
10437.2		52497.9
10451.7		52566
10452.5		52573.6
10448.1		52554.5
10448.4		52570.7
10452.7		52591.3
10450		52569.9
10448.6		52556.9
10448.4		52556.4
10449.3		52563.3
10453.8		52563.1
10459.3		52603
10458.5		52600.2
10490.2		52741.8
10478.9		52707.9
10462.2		52636.6
10455.1		52605.6
10445		52550.1
10444.7		52577.8
10457.6		52595.2
10466.6		52645.3
10467.8		52646.3
10472.4		52663.7
10467.9		52638.1
10460.4		52604.3
10456.8		52570.6
10462.2		52598.6
10463.6		52595.1
10463.3		52586.8
10461.4		52582.1
10466		52622.8
10471.5		52681.6
10470.9		52690.3
10454.7		52622.8
10473.3		52701.6
10472		52684.9
10471.9		52670.4
10501.4		52822.3
10504.6		52842.3
10499.4		52821.8
10499.5		52824.6
10498		52804.7
10488.4		52754.7
10497.6		52797.9
10495.1		52786
10490.6		52756.8
10485.6		52732.3
10492.9		52767.6
10513.1		52850.2
10506.7		52857.3
10504.1		52838.1
10491		52796.3
10505		52845
10536.2		53021.8
10539.9		53004
10550.1		53057.5
10554.2		53082.1
10555.2		53080.9
10556.1		53092.5
10553		53078.5
10547		53025.4
10544.3		53012.3
10551.6		53045.8
10555.8		53060.9
10561.9		53075.5
10552.9		53053.5
10575.7		53145.5
10574.7		53173.2
10578.6		53176.6
10568.1		53135.1
10579.2		53170.6
10585.2		53250.8
10561		53090.8
10588.3		53245.7
10588.4		53247.3
10587.4		53253.4
10584.1		53240.9
10584.4		53224.5
10579.2		53196.1
10586		53224.4
10592.7		53257.8
10585.8		53231.5
10580.2		53179.1
10578.3		53171.7
10591.3		53208.1
10608.4		53315.2
10600		53266.6
10601.4		53291.3
10617.7		53295.3
10621.8		53344.4
10613.5		53291.9
10643.1		53474.8
10645.2		53489.7
10647.8		53508.4
10647.6		53507
10642.9		53474.8
10648.5		53502.9
10645.1		53499.2
10645.2		53514.6
10626.8		53432.4
10641.6		53512
10645		53503.3
10664.1		53560.9
10698.3		53682.1
10688.7		53658.2
10674.9		53609.7
10680.7		53640.4
10700.9		53693.5
10683.4		53625.6
10673.2		53539.5
10689.5		53634.2
10688.8		53631.5
10690.6		53648.5
10689.5		53633.5
10692		53651.8
10685.5		53621.1
10688		53636.6
10699.5		53678.1
10705.5		53706.7
10702.5		53699.5
10722.5		53752.3
10779.4		54020.5
10766.4		53973.6
10748		53907
10743.5		53859.9
10748.4		53854
10753.9		53947.6
10769.9		54032.4
10788.6		54121.9
10787.8		54115.4
10783		54107.7
10774.1		54051.4
10776.6		54061.3
10773.5		54049.4
10781.2		54112.9
10773		54054.4
10768.8		54035.4
10772.3		54044
10768.2		54021.8
10777.9		54082.7
10779.2		54097.7
10758.9		54025.5
10772.3		54067.8
10783.5		54096.7
10783.3		54158.9
10763		54039
10788.9		54170.7
10787.3		54176.1
10784.1		54157.1
10784.8		54155.3
10784.9		54153.8
10779.1		54125.4
10783		54152.4
10782.7		54146.4
10788.6		54174
10807.3		54245.4
10802.2		54198.1
10831.7		54344.6
10832.7		54375.1
10814.8		54325.3
10820.6		54356.8
10834.8		54400.6
10828.7		54405.5
10804.6		54253.7
10838.3		54432.6
10838.3		54432
10836.6		54437.6
10834.9		54419.8
10831.4		54396.3
10823.6		54358.4
10820.5		54361.8
10833.7		54402.9
10833.1		54402.1
10845.6		54468
10835.9		54438.7
10833		54424.9
10864.9		54579.9
10880.3		54704.4
10860		54597
10857.8		54539.4
10858.2		54554.8
10845		54484.5
10850.5		54523.2
10854.5		54545.5
10850.5		54534.7
10847.3		54522.7
10846.6		54524.8
10848.1		54529.6
10846.1		54524.3
10857.4		54575.1
10858.4		54574.8
10858.3		54586.2
10858.1		54624.8
10827.1		54530.5
10858		54635.5
10890.5		54841.3
10882.6		54802
10877.7		54791.9
10862.7		54728.8
10872.7		54732.2
10861.3		54686
10868.1		54715.2
10868.8		54719.8
10864.6		54704
10866.9		54717.1
10860.4		54670.6
10864.2		54694.8
10888.2		54815.7
10883.4		54771.2
10882.2		54753.8
10885.9		54759.1
10866.2		54683.6
10869.2		54687.5
10889.8		54832.6
10907.8		54896.8
10903.7		54900.9
10909.7		54925.3
10924.9		55017.2
10912.4		54942.5
10916.4		54972.2
10916.5		54972.3
10916.6		54977
10915		54970.7
10915.3		54974.1
10926.3		55030.1
10934		55079.9
10932.1		55064.8
10929.1		55024.9
10933.6		55036.1
10946.8		55094.8
10927.4		55012.1
10933.6		55041.9
10976		55227.4
10976		55227.2
10972.6		55213.1
10964.1		55147.1
10985.1		55302.5
10990.7		55293.9
10992.2		55329.2
10995.9		55345.6
10995.8		55346.3
10996.2		55350.2
10991.3		55326.2
10987.6		55302.9
10983.5		55274.7
10983.6		55304.1
10985.4		55297.5
10981.2		55263.1
11004.3		55311.7
10982.1		55192
10993.3		55278.7
11022.4		55369.9
11031.5		55398.9
11013.1		55293
11008.9		55285.4
11030.5		55434
11039.1		55450.1
11021.3		55349.5
11028.2		55390.3
11029.1		55396
11029.9		55401.4
11028.5		55394.8
11027.3		55389.4
11032.1		55424.4
11048.8		55515.6
11057		55533.4
11051.5		55516.2
11068.2		55551.3
11082.3		55633.1
11052.5		55496
11088.1		55608.2
11077.9		55557.5
11093.9		55654.8
11095.3		55665.5
11109.6		55716
11109.1		55704.3
11115.3		55756.8
11115.1		55756.5
11114.6		55756.5
11111.6		55741.4
11108.6		55725.8
11115.1		55764.6
11133.5		55846
11121.8		55787.2
11109.7		55688.5
11124.7		55771
11107.5		55714.2
11106.4		55708.3
11107.8		55708.2
11101.5		55649.9
11094.9		55610.1
11125.1		55784.5
11118.5		55715.6
11124.9		55724.7
11130.9		55764.4
11131.3		55767.1
11131.3		55765.2
11136		55798
11129.6		55749.4
11136.7		55798
11147.7		55822.2
11128		55734.8
11138.2		55793
11153.6		55853
11139.2		55812.3
11159		55869.9
11172		55936.1
11158.3		55906.5
11160		55915.1
11166.7		55963.9
11180.4		56046.3
11167.1		55971.5
11167.7		55988.1
11167.9		55989.6
11166.5		55982.3
11159.6		55950.6
11160.5		55948
11159.6		55952.9
11142.7		55891.4
11147.6		55926.1
11153.1		55952.1
11168.7		55991.7
11157.3		55940.8
11129.9		55842.5
11153.6		55920.8
11172.3		56003.3
11160.2		55974
11172.8		56032.2
11152.4		55905.6
11175.2		56016.6
11175.3		56026.3
11189.7		56099.5
11191.8		56110.9
11191.3		56107
11190.9		56105.4
11199.7		56145.1
11197.3		56131.7
11197.3		56141.3
11203		56144.7
11196.3		56105.2
11193.4		56107.6
11191.4		56067
11146		55909.7
11161.7		55953.1
11162.9		55986.4
11151		55955.7
11166.2		56030.4
11146.4		55901.5
11159.7		55954.4
11163		55995.1
11174.1		56052.8
11173.5		56050.2
11175.5		56058.8
11171		56037.6
11174.2		56062.7
11178.1		56091.3
11168.5		56065.7
11171		56059.2
11158.7		55983
11176.3		56044.2
11161.2		55971.8
11125.8		55827.3
11146.4		55934.4
11136.9		55877.4
11137.4		55892.2
11132.8		55860.4
11116.4		55765.9
11134.4		55856.2
11128.8		55839.5
11134.3		55855
11132.8		55851.8
11132.8		55851
11130.2		55835.7
11129.6		55837.4
11128.6		55834.3
11136.2		55880.5
11144.9		55921.9
11147.6		55946.5
11152.1		55926.2
11143.8		55871.8
11122		55798.3
11136.5		55871.8
11149.7		55920.2
11146.4		55913.3
11160.5		55970.8
11154.8		55933.6
11170.8		56007.9
11174.2		56043.3
11181.4		56067.2
11182.1		56063.2
11181.3		56060.2
11182.4		56060.5
11185.7		56077.2
11190.6		56097.1
11191		56096.8
11195.2		56118.3
11187.5		56076.9
11184.2		56053.9
11176.1		55972.5
11166.6		55953.2
11133.9		55782.5
11150.7		55855.3
11166.2		55915.7
11152.1		55847.8
11149		55839.7
11159.2		55867.1
11165.5		55885.9
11177.1		55940.3
11186.7		55986.2
11187.5		55994
11187.6		55996.2
11186.1		55980.8
11188.5		55996.4
11182.6		55987.6
11185.4		56011.5
11190.5		56019.4
11180.1		55949
11182.2		55959.3
11169		55881.9
11147.6		55795.6
11146.5		55782.6
11178.4		55954.3
11198.9		56059.9
11197.3		56073
11211.1		56133.1
11222.9		56228.5
11225		56230.2
11235		56300.2
11245.9		56352.7
11243.6		56338
11243		56333.3
11238.5		56310.7
11243		56330.9
11245.4		56338
11248.1		56358.6
11253.2		56365.9
11257.5		56402
11274.2		56467.4
11244.7		56317.7
11236.7		56239.7
11244.1		56255.3
11271.2		56383.8
11272.8		56394.8
11246.5		56276
11235.7		56233.4
11262		56392.4
11259.1		56351.7
11266.7		56388
11296.6		56523.1
11296.2		56521.5
11297.2		56527.7
11293.2		56513.3
11296.2		56518.3
11286.2		56478
11297.3		56530.1
11303.5		56559.1
11301		56555.8
11313.5		56610.6
11295.1		56522.2
11287.8		56492.1
11290.7		56438
11321.3		56610.2
11349.2		56723.7
11331.1		56640.5
11324.7		56599.9
11335		56663.6
11356.5		56807.8
11366.7		56844
11382.1		56944.5
11382.1		56944.5
11382.5		56947.6
11385.2		56961.9
11389.8		56979.9
11393.5		57006.6
11388.9		56985.8
11389.7		57024.3
11389.9		57036.2
11381.1		57001.9
11371.8		56940.4
11345.5		56815.3
11392.3		57080.5
11396.2		57084.7
11378.7		57001
11378.7		56972.8
11391.5		57056.2
11410.5		57165.9
11408.6		57137.5
11421.2		57193.7
11420.8		57191.3
11424.7		57213.4
11429.1		57234.6
11426.4		57230.3
11425.3		57226.5
11422		57210.2
11431.9		57266.4
11439.6		57302.3
11434.7		57261.1
11450.4		57350.8
11432.1		57255.8
11422.8		57203.5
11426.3		57257.5
11442.8		57336.1
11454.2		57368.8
11456.2		57385
11438		57291.4
11450.4		57391.8
11484.6		57593.7
11472.8		57504.6
11498.2		57644.6
11497.8		57641.8
11497		57637.3
11496		57635.9
11500.5		57656.4
11499.1		57649.5
11497.9		57658.7
11506.4		57697.3
11502.3		57672.7
11495.3		57640.9
11506.1		57650
11502		57652.2
11509.5		57727.3
11523.3		57781.8
11528.5		57816.6
11493.5		57628.9
11503.8		57676.9
11501.8		57677.8
11531.4		57851.4
11516.3		57779.8
11540.4		57922.8
11539.8		57918.4
11544.2		57936.6
11544.2		57920.8
11548.7		57946.6
11542.5		57938.1
11536.8		57917.5
11543.3		57957.8
11536		57907.8
11532.1		57861.5
11547.4		57885.1
11550.3		57832.5
11529.3		57766.1
11557.3		57894.2
11574		57968.4
11551.3		57835.8
11538.4		57775.8
11534.4		57754.7
11544.7		57765.8
11538.3		57740.5
11569		57882.6
11570.1		57887.4
11568.9		57877.5
11563.2		57834.7
11571.9		57869.7
11572.1		57860.3
11563.6		57830.1
11561.3		57843.8
11569.8		57862.6
11551.1		57755.7
11571.1		57807.1
11590.1		57895.1
11569.2		57819.7
11583.5		57884.1
11589.2		57883.8
11604		57940.4
11610.8		57955
11598.4		57946.3
11584.8		57888.3
11565.6		57785.8
11584.2		57862.2
11586.1		57871.5
11586.9		57874.9
11581.5		57849.3
11580.7		57833.3
11582.6		57836.4
11577		57818.3
11592.9		57899.8
11597.3		57915.5
11593.9		57918.7
11595.2		57910.8
11606.8		57994
11609.3		57999.6
11617.9		58037
11607.5		57956.7
11620.4		58025.6
11623.4		58004.6
11604		57897.5
11597.5		57896.9
11588.6		57863.7
11601.2		57918.8
11602.2		57923.2
11605.7		57938.1
11602.7		57912.2
11601.9		57917.7
11605.1		57911.2
11604.3		57920.5
11601		57915
11601.5		57911
11608.4		57969.2
11610.2		57961
11617.4		58015.5
11617.4		58018.6
11631.3		58050.4
11622.5		58019.4
11654.3		58168.7
11648.7		58112.5
11637.1		58058.6
11646.6		58119.4
11649.1		58112.1
11672.4		58215.7
11673.4		58220.9
11679.5		58248.2
11680.7		58244.9
11682.1		58245.9
11686.9		58263.5
11688.5		58280.8
11690.1		58300.8
11694.7		58306.9
11695.4		58276.5
11691.1		58269.8
11685.8		58315
11689.9		58324.2
11688.4		58296.1
11685.2		58281
11695.3		58344.9
11709.4		58401.9
11678.2		58220.8
11675.7		58217.3
11673.7		58207.2
11698.7		58348.7
11701		58359.6
11696.6		58342.9
11698.4		58360.4
11701.4		58373.4
11709.5		58402
11710.6		58419.2
11710.1		58418.7
11717.2		58447.4
11704.6		58371.9
11676.2		58281.7
11669.7		58245.8
11660.7		58230.4
11674.5		58278.6
11678.5		58271.9
11674		58260.8
11666.7		58220.1
11685		58301.5
11710.3		58418.9
11721.9		58445.8
11721.5		58431.4
11742		58540.6
11741.3		58537.7
11736.8		58511.2
11742.9		58557.1
11734.7		58512.6
11746.4		58550.1
11730.2		58496.5
11725.9		58473.6
11735.6		58497
11712.8		58385.6
11703.4		58374.7
11710.6		58402.4
11704.2		58365.6
11730.3		58491.8
11729.6		58507.5
11739.5		58584.4
11752.9		58668.5
11749.4		58631.2
11766		58690.9
11769.1		58697
11786.8		58776.5
11788.6		58783.5
11785.8		58762.9
11785		58766.7
11785.6		58759.9
11785.6		58757.3
11788.2		58775.8
11793.7		58788.1
11779.9		58717.1
11786.5		58759
11796.4		58781.9
11785.7		58760.8
11809.6		58848.2
11791.1		58760
11806.8		58827.4
11809.3		58867.6
11816.6		58882.1
11825.9		58935
11835.1		58981.1
11841		58984.8
11846.3		58999.7
11876		59115.5
11875.3		59113.7
11871.9		59097.9
11873.8		59097.3
11869.2		59088.4
11865.3		59051.5
11858.4		59030.3
11846.4		58974.8
11854.3		58997.3
11851.7		58988.4
11838		58946.1
11853		59066.6
11844.8		59025.2
11849.6		59065.1
11846.8		59046.4
11842.4		59035.8
11844.8		59053.7
11866.2		59136.7
11879.5		59256.4
11870.9		59184.2
11871.5		59170.5
11883.1		59220.7
11881.2		59205.6
11876.7		59199.8
11885.1		59251.4
11873.6		59191.3
11872.5		59177.2
11874.4		59192.6
11869.8		59176.8
11888.4		59273.1
11877.3		59193.9
11868.2		59143
11885.7		59266.6
11887		59313.5
11886.9		59308.3
11885.7		59304.8
11869		59207.3
11868.4		59181
11887.2		59225.6
11886.5		59223
11892.8		59250.2
11893.8		59257.5
11893.2		59254.2
11893.7		59248.9
11891.3		59243.2
11888.7		59226.4
11874.1		59153.8
11875.4		59141.1
11867.1		59098.6
11862.3		59067.5
11868.3		59044.1
11839.8		58924.8
11848.6		58980.8
11849.8		58997.5
11837		58923.9
11845.7		59009.6
11861.5		59105.9
11875.1		59185.6
11880.8		59196.9
11906.6		59316.5
11895.3		59268.5
11899.1		59251.4
11916		59333.2
11917.4		59341.2
11917.1		59340.8
11919.6		59354.6
11908.9		59307.2
11907.7		59299.2
11905.8		59295.3
11898.1		59254.1
11884.2		59182.4
11879.4		59142.4
11877.6		59139.1
11901.3		59272.3
11868.1		59108.2
11863.4		59102.8
11881.1		59214.7
11880.6		59229.6
11911.3		59411
11928.8		59486
11931.8		59517.6
11941		59579.3
11942.7		59581.1
11948.1		59609.2
11947.9		59592.1
11950.3		59607.6
11954.2		59637.7
11942.2		59577.8
11941.9		59576.3
11942.4		59577.1
11930.2		59530.3
11950.5		59629
11927.3		59538.1
11944.2		59621
11971.8		59765.5
11933.7		59580.9
11946.1		59635
11934.2		59619.6
11946.1		59685.9
11984.2		59878.1
11997.3		59910.3
12012.1		59980
12032.7		60100.8
12024.2		60038.5
12025.2		60042.3
12024.8		60029.8
12030.9		60055.3
12034.2		60061.5
12028.6		60027
12022.6		59998
12017.9		59979.1
12006.2		59933.7
12011.2		59929
11993.5		59836.8
12011.6		59922.9
12038.9		60043.6
11989.2		59810.3
11999		59888.5
12000.3		59910.7
12015.4		59998.2
12048.3		60185
12062.9		60240.6
12067.1		60257.2
12073.4		60296.2
12073.6		60305.5
12074.3		60312.4
12078.1		60317.5
12080.4		60331.7
12078.9		60319.8
12076		60304
12082.9		60315.4
12080.4		60310.4
12084.7		60340.8
12089.1		60367.2
12071.3		60279.8
12079.5		60305.4
12101		60372
12063.9		60179
12064.6		60206.4
12073.8		60276
12088.7		60367.8
12096.3		60424.3
12099.2		60421.2
12108.1		60494.6
12129.9		60616.4
12147		60687.6
12149.8		60701.1
12155.2		60707.8
12153.4		60697.6
12154.1		60684.5
12144.2		60646.7
12126.1		60542.3
12123.8		60523.1
12117.1		60503.2
12126.9		60553.3
12118.2		60512.1
12122.5		60528.7
12138.3		60572.8
12129.1		60491.8
12122		60454.4
12125.7		60496.1
12131.6		60559.2
12115.7		60449.4
12161.7		60697.1
12154.8		60602.7
12131		60513.1
12136.6		60548.3
12208.7		61028.4
12207.5		61021.5
12213.8		61024.5
12211.3		61014.1
12201.7		60944.5
12217.6		61044.8
12220.7		61062.8
12223.4		61049.8
12225.2		60967.6
12213.8		60925
12195.9		60872.6
12207.4		60922.8
12197.1		60904.7
12207.7		60970.7
