0		0
489.288		2364.74
543.159		2645.09
572.154		2791.46
602.38		2941.31
632.46		3095.84
659.676		3227.15
691.223		3402.94
691.223		3402.94
776.581		3857.45
800.763		3948.63
823.818		4047.72
821.595		4061.26
830.905		4123.49
830.905		4123.49
870.668		4324.03
889.673		4448.3
906.391		4545.82
920.058		4602.21
946.717		4721.75
979.325		4911.02
1010.32		5090.21
1031.75		5223.3
1031.75		5223.3
1044.85		5287.06
1062.79		5377.33
1087.34		5498.11
1124.07		5673.6
1124.07		5673.6
1158.56		5858
1204.36		6059.66
1204.36		6059.66
1230.16		6193.18
1249.2		6271.56
1254.25		6300.86
1282.96		6422.59
1318.48		6587.2
1316.78		6606.7
1353.27		6774.43
1411.3		7021.44
1423.47		7128.62
1446.55		7208.6
1476.57		7360.55
1489.38		7440.37
1517.08		7564.46
1556.92		7744.52
1575.19		7846.71
1619.33		8047
1653.18		8235.01
1674.21		8342.77
1718.09		8565.74
1734.07		8631.3
1756.67		8738.73
1790.67		8939.92
1802.37		8960.03
1847.18		9204.37
1846.5		9180.4
1891.07		9381.02
1925.62		9548.63
1933.9		9599.96
1963.84		9771.11
1983.93		9815.54
2002.89		9937.73
2031.85		10035.6
2053.43		10181.7
2081.51		10266.8
2104.02		10377.7
2125.95		10453.9
2153.46		10601.2
2172.67		10667.6
2203.71		10794.7
2202.99		10818.2
2239.46		10980.1
2236.83		10952.9
2274.5		11175.8
2261.09		11117.7
2316.44		11375.3
2308.52		11332.5
2333.33		11469.2
2364.65		11594.8
2361.76		11543.2
2401.37		11777.2
2393.76		11654.6
2466.79		12093.2
2460.94		12005.4
2513.86		12273
2515.64		12308.4
2533.19		12337.5
2585.81		12655.7
2555.54		12492.2
2641.42		12872.6
2633.65		12841.3
2667.86		12987.9
2702.95		13205.4
2662.48		13033.4
2738.45		13395.4
2733.9		13369.1
2761.25		13498.3
2795.01		13721.3
2778.29		13651.5
2845.45		13908.4
2834.8		13879.9
2827.63		13890.8
2882.9		14156.7
2876.1		14143.8
2884.32		14110.7
2921.84		14334.6
2928.86		14372.1
2937.53		14400.3
2957.53		14500.6
2966.62		14561.1
3002.79		14674.5
3002.29		14692.6
3016.94		14789.7
3036.5		14820.7
3040.88		14865.9
3062.65		14989.9
3088.39		15084.9
3096.65		15119.9
3127.12		15252.6
3112.32		15140
3125.95		15202.3
3170.53		15414.2
3129.62		15295.9
3160.1		15401.2
3182.33		15501
3153.41		15383.1
3152.24		15391.3
3167.78		15447.2
3193.53		15597.9
3189.11		15564.9
3184.94		15529.7
3218.4		15715.3
3197.32		15609.6
3206.49		15667.4
3244.38		15849.9
3236.98		15804.4
3249.79		15831
3284.31		15957.8
3276.07		15901.8
3283.13		15973.3
3286.82		15993.3
3310.52		16131.2
3291.21		16000.3
3304		16073.2
3332.47		16208.3
3298.33		16053.6
3331.72		16233.7
3333.31		16245.9
3354.97		16367.2
3325.26		16229.1
3347.81		16333
3369.45		16417.6
3338.06		16302.2
3368.43		16497
3368.85		16510.9
3388.8		16614.6
3362.04		16414.6
3383.8		16615.1
3389.35		16657.4
3393.5		16652.7
3440.24		16856.9
3405.95		16728.8
3440.73		16906.5
3441.94		16897.9
3490.84		17098.6
3446.64		16953.4
3486.16		17126.5
3490.93		17125.4
3541.55		17308.6
3513.07		17256.8
3527.68		17328.9
3536.94		17339.7
3586.41		17581
3559.65		17532.6
3561.27		17567
3571.17		17577.1
3623.56		17818.3
3570.2		17661.7
3582.53		17722.9
3590.51		17731.9
3633.29		17926
3610.34		17846.7
3622.6		17927
3629.27		17932.9
3686.29		18192.9
3627.48		17947
3664.1		18116.3
3665.03		18119.5
3679.13		18178.7
3618.58		17858.2
3684.04		18220.7
3685.17		18241.6
3698.37		18283.1
3669.66		18110.1
3705.78		18339.8
3703.28		18348.1
3711.41		18357.3
3741.96		18533.9
3716.94		18401
3727.23		18457.6
3730.31		18471
3780.61		18688
3708.92		18362.3
3730.79		18495.9
3736.41		18521.3
3747.26		18533.3
3722.54		18381.6
3762.42		18640.8
3759.04		18651.5
3763.67		18643.8
3843.92		19004.5
3749.4		18547.3
3765.31		18685.6
3770.59		18711.5
3818.96		18882.5
3714.9		18385.2
3761.77		18699.5
3766.89		18731.2
3785.26		18758.5
3807.45		18905.9
3766.2		18693.3
3786.72		18793.2
3795.33		18837.1
3810.13		18851.4
3763.82		18650.9
3823.97		18933.1
3822.91		18952.1
3827.1		18965.6
3876.73		19225.5
3840.86		18960.9
3872.29		19133.7
3876.23		19156
3894.17		19176.5
3888.03		19210.2
3878.76		19153.2
3910.96		19332.5
3917.8		19370.1
3933.11		19391.7
3933.4		19473.8
3943.13		19451.6
3967.66		19583.9
3970.74		19599.4
3990.28		19625.7
3976.86		19644.4
3989.7		19656
4016.72		19798.9
4022.26		19820.2
4045.61		19864.9
4027.43		19873
4070.44		20036.1
4081.23		20115.8
4082.15		20126.6
4129.5		20320.7
4092.9		20148.5
4140.8		20353.7
4149.7		20396.7
4151.31		20412.1
4179		20482.2
4177.52		20532.1
4191.8		20579.4
4213.63		20691.5
4221.62		20732.3
4242.11		20783
4241.8		20884.2
4246.83		20847.9
4283.85		21025.3
4291.29		21053.9
4312.72		21105.3
4340.45		21305.5
4317.88		21154.1
4364.31		21396.5
4361.5		21384.4
4358.15		21375.4
4378.99		21430.3
4364.57		21436.6
4360.01		21438.7
4401.01		21631.6
4410.83		21674.7
4427.24		21716.2
4442.9		21878.9
4401.87		21628.1
4445.44		21846.5
4465.34		21945.1
4459.4		21921.6
4498.83		22089.7
4453.92		21887.7
4478.63		22036
4503.84		22160.8
4519.85		22237.1
4530.36		22241.2
4535.33		22313.4
4484.86		22068.3
4532.8		22293.1
4547.71		22365.1
4540.84		22335.7
4570.42		22436.4
4550.14		22356.9
4536.26		22319.8
4561.17		22467.5
4575.11		22527.2
4590.61		22541.9
4606.66		22672.5
4556.33		22450.4
4602.54		22702.7
4595.32		22673
4604.75		22717.8
4621.88		22733.7
4633.92		22839.3
4606.76		22669.7
4657.46		22942.3
4661.47		22971.8
4653.31		22948
4691.14		23091.7
4695.5		23047.9
4690.16		23081.9
4699.13		23174.9
4705.73		23198.9
4701.21		23188.3
4728.28		23294.4
4710.43		23161.6
4732.37		23333.3
4738.51		23387.4
4746.56		23422.2
4748.81		23440.3
4762.27		23509.3
4755.21		23420.1
4769.05		23591.4
4771.05		23604.4
4781.35		23655
4784.35		23664.5
4791.95		23740.6
4785.09		23634.2
4813.76		23784.5
4815.1		23813
4821.66		23841.7
4826.07		23858.7
4822.43		23886.5
4812.07		23804.1
4864.1		24038.6
4858.4		24002.3
4868.29		24055.5
4878.58		24080.1
4869.23		24095.4
4858.79		24050.8
4907.2		24285.6
4911.49		24294.7
4917.45		24328.9
4930.89		24349.7
4928.7		24384.9
4924.44		24373.8
4965.47		24582.5
4961.12		24540.9
4970.88		24591.8
4975.75		24610.3
4969.74		24571.6
4990.16		24585.2
5025.06		24795.5
5024.28		24837.9
5022.9		24827.4
5028.65		24844.7
5042.09		24920.6
5091.92		24979.7
5058.29		24984.8
5066.17		25055
5075.53		25100.3
5069.47		25073.1
5082.13		25106
5122.98		25266.7
5063.79		25060.2
5106.5		25272
5104.98		25261.1
5101.04		25248.1
5110.69		25276.7
5095.45		25256.3
5101.31		25327
5149.75		25506.1
5141.31		25502.6
5140.49		25493.7
5130.23		25429.1
5134.05		25452.6
5165.01		25493.1
5158.48		25549.2
5177.87		25681.2
5180.37		25701.7
5165.2		25621.3
5192.88		25704.6
5215.7		25723.6
5186.66		25757.5
5218.37		25906.3
5218.38		25902.7
5218.62		25914.5
5237.65		25961
5281.87		26149.2
5202.5		25853.6
5267.6		26168.3
5265.12		26132.2
5261.87		26117.8
5257.87		26097.7
5275.14		26163.4
5289.1		26109.1
5321.87		26285.7
5325.1		26381.1
5326.99		26397.7
5318.49		26345.9
5339.72		26420.4
5391.04		26603.4
5329.51		26358.2
5383.44		26599.2
5382.17		26580.5
5379.96		26573.6
5379.04		26550.6
5373.06		26523.9
5418.56		26596.9
5384.36		26527.2
5428.99		26777.9
5430.33		26777
5423.84		26740.1
5439.08		26799.9
5427.77		26738
5419.35		26614.1
5487.53		26933.6
5486.68		26999.5
5487.68		26999.7
5484.69		26984.8
5494.81		27021.2
5528.69		27169.4
5505.58		27070.7
5558.06		27297.3
5546.24		27231
5545.96		27217.3
5540.11		27187
5545.92		27204.3
5574.7		27225.5
5544.6		27135.9
5596.33		27415.5
5600.74		27431.6
5600.62		27426
5606.34		27449.5
5605.76		27467.1
5658.68		27625.5
5634.58		27522.4
5678.57		27764.9
5682.96		27769.6
5679.38		27740.9
5692.52		27798.6
5700.48		27824.7
5715.47		27857.7
5709.37		27828.2
5754.1		28099.3
5753.24		28077
5750.25		28056.1
5760		28088.2
5753.77		28096
5733.05		27910.2
5813.67		28297
5816.48		28369.9
5819.03		28390.9
5831.5		28440
5839.15		28454
5894.09		28742.5
5832.78		28478.8
5869.81		28653.8
5871.11		28650.6
5863.83		28605.2
5875.91		28662
5883.08		28670.9
5929.46		28908.6
5874.08		28661.6
5910.48		28815.1
5901.52		28781
5907.44		28810.7
5912.54		28826.8
5914.35		28809.3
5949.02		29019.5
5922.45		28892.4
5924.92		28905.2
5923.67		28890.1
5930.78		28921.3
5935.67		28943
5932.96		28920.6
5925.41		28902.4
5939.9		28856.5
5949.96		28910.9
5970.12		29053.7
5976.26		29086.8
5978.67		29099.8
5986.11		29130.3
5978.3		29105
6010.51		29215.9
5989.33		29066.3
6023.42		29298.7
6036.25		29368.5
6035.08		29369.3
6042.57		29407.3
6047.19		29415
6051.01		29460.5
6041.37		29481.2
6093.49		29713.5
6101.21		29717.4
6105.71		29747.9
6109.27		29765.9
6108.8		29756.6
6115.76		29792
6131.35		29917.2
6180.6		30112.5
6172.6		30098.2
6175.87		30093.9
6178.26		30100.9
6187.94		30129.8
6186.11		30125.2
6184.03		30147.6
6198.93		30139.1
6237.65		30374.1
6242.37		30389
6243.14		30384.9
6252.47		30420.2
6253.69		30412.8
6258.65		30508.6
6232.99		30368.9
6290.37		30538.7
6299.3		30638.6
6305.07		30658.8
6304.37		30655.9
6310.93		30682.7
6318.77		30685.5
6319.62		30752
6308.47		30686.5
6358.73		30855
6370.46		30899.4
6371.06		30897
6370.13		30892
6375.18		30881.1
6363.97		30845.7
6345.19		30795.3
6426.13		31084.1
6420.78		31141.7
6431.65		31190.1
6438.47		31221
6433.94		31198.9
6424.15		31148.4
6400.37		31072.4
6411.51		31152.4
6498.65		31461.1
6490.68		31473.6
6496.92		31505.8
6506.54		31544.5
6509.63		31546.2
6508.66		31497.5
6507.41		31485.1
6490.45		31451.6
6577.81		31819
6557.01		31745.4
6558.4		31768
6564.89		31794.1
6557.78		31763.2
6559.24		31707.2
6575.92		31749.4
6552.76		31646.6
6613.71		31943.1
6597.67		31876.3
6593.37		31859.1
6598.27		31880.2
6597.22		31871.4
6609.23		31884.2
6589.15		31775
6611.79		31840.2
6655.82		32096.3
6650.68		32068.8
6652.98		32073
6662.04		32105.6
6659.36		32099.1
6675.79		32121
6692.52		32162.4
6686.03		32171.5
6714.07		32344.3
6708.63		32306.3
6710.27		32317.3
6714.69		32319.1
6716.52		32319.3
6724.04		32345.4
6746.91		32438.6
6720.16		32435.2
6765.77		32671.4
6757.79		32602.2
6755.63		32591.4
6752.67		32580.8
6757.03		32576.1
6760.29		32580.5
6740.34		32468.2
6719.34		32498.4
6767.88		32712.3
6774.75		32742
6771.03		32715.7
6769.88		32724.9
6770.23		32724.4
6774.13		32754.8
6792.82		32725.4
6739.11		32595.3
6789.94		32819.9
6792.69		32832.7
6795.33		32837.4
6806.77		32892.8
6808.28		32883
6813.28		32897
6842.15		32905.4
6791.41		32745
6837		32932.8
6840.9		32965.7
6837.66		32946.1
6843.3		32987.5
6846.81		32984.2
6846.37		32969.9
6860.82		33019.5
6843.15		32887.2
6859.55		32983.5
6882.82		33069.2
6879.99		33053.7
6889.58		33115
6897.78		33144.1
6893.55		33126.6
6914.6		33200.5
6924.15		33226.3
6918.13		33246.5
6960.96		33417.4
6958.38		33411.1
6966.02		33469.9
6969.44		33480.1
6965.78		33477
6994.25		33611.1
6981.57		33584
6976.61		33585.4
7001.46		33680
7001.07		33676.7
6999.45		33668.2
7009.18		33730.2
7002.94		33709.3
7006.05		33710.3
7067.14		33945.3
7022.39		33753.9
7034.43		33780.8
7039.75		33830.3
7039.41		33834.6
7040.67		33856.8
7043.05		33873.6
7049.84		33918
7082.19		34053.7
7067		33948.1
7095.02		34121
7098.62		34091.6
7105.73		34119.6
7104.44		34120.9
7113.65		34165
7106.48		34142
7108.68		34150.2
7144.83		34292.9
7127.8		34241.2
7135.24		34240.8
7143.96		34293.4
7144.25		34296.6
7151.45		34334.2
7152.91		34338.7
7153.28		34337.6
7177.2		34451.7
7171.56		34441.6
7207.5		34589.7
7203.88		34579.4
7198.84		34559.2
7199.4		34568.9
7205.85		34598.4
7198.19		34575
7205.26		34599.8
7246.87		34760.7
7267.88		34837.5
7263.63		34807.9
7288.65		34927.6
7286.63		34921.2
7294.28		34952.3
7299.04		34976.8
7290.11		34938.6
7309.56		35057
7331.04		35082.4
7371.17		35236.4
7365.44		35201.4
7360.26		35194.9
7361.59		35201.8
7371.92		35264.6
7372.84		35281.3
7373.27		35280
7386.74		35367.2
7415.87		35468.1
7441.74		35549.6
7424.9		35478.5
7425.02		35502.9
7429.29		35517
7436.67		35565.6
7438.65		35583.1
7444.18		35603.1
7470.44		35768.3
7477.45		35747.4
7498.24		35794.7
7493.63		35808.1
7498.42		35850.8
7516.15		35938.2
7517.53		35931.7
7519.44		35924.1
7543.52		36022.6
7565.59		36185.1
7578.29		36212.2
7569.77		36152.8
7590.21		36266.1
7591.21		36279.9
7603.38		36325.6
7602.66		36303.2
7604.06		36320.9
7622.3		36402.9
7625.22		36486.2
7674.46		36652.7
7633.03		36427.4
7659.98		36555.7
7655.89		36535.8
7661.1		36538.7
7650.87		36495
7648.65		36475.8
7666.64		36569.3
7688.85		36704.4
7703.84		36785.4
7678.3		36625.1
7698.07		36716.5
7694.64		36699.7
7709.57		36761.2
7702.09		36711.6
7700.5		36706.1
7706.97		36760.8
7713.92		36795.6
7741.39		36943.1
7704.85		36757.8
7711.04		36805.1
7718.6		36845.8
7725.46		36884.2
7719.58		36843.2
7707.46		36790.5
7711.03		36781.5
7705.32		36793
7753.41		37026
7735.02		36926
7721.25		36873.2
7745.46		37001.8
7749.55		37026.6
7745.69		36995.2
7745.67		36990.6
7749.74		36974.5
7740.24		36940.7
7770.94		37064.6
7750.87		37005.9
7749.05		36976.9
7747.72		37035.3
7760.03		37109.3
7765.08		37124.2
7765.47		37126.7
7758.95		37091.4
7756.76		37071
7787.38		37204.1
7794.41		37207.5
7759.66		37094.7
7748.63		37090.8
7772.69		37207.5
7771.56		37198.9
7774.21		37201.9
7778.9		37227.9
7781.29		37220.5
7780.22		37183.6
7799.87		37287.3
7821.86		37344.1
7792.85		37222.5
7790.2		37281.8
7811.03		37387.4
7810.14		37386.3
7812.03		37396.5
7806.9		37382.1
7804.97		37379.8
7818.35		37389.1
7803.86		37368.4
7832.01		37446.5
7793.58		37253.4
7819.48		37417.1
7832.38		37477.6
7834.42		37494.7
7837.01		37494.4
7839.56		37527.6
7839.87		37518
7845.39		37557.2
7850.53		37628.9
7865.27		37610.2
7843.35		37484.7
7888.77		37758.2
7889.6		37771.4
7890.5		37780.5
7895.45		37794.9
7900.93		37836.6
7908.21		37884.8
7919.72		37896.2
7919.03		37938.6
7925.09		37928.8
7901.58		37812.1
7921.12		37961.5
7916.54		37937.5
7916.26		37936.7
7916.73		37946.3
7922.97		37986.9
7932.56		38026
7939.71		38035.4
7956.13		38210.6
7936.23		38055
7938.75		38024.3
7953.1		38091.1
7963.69		38132.4
7960.65		38124.5
7968.23		38143.5
7974.42		38192.1
7985.09		38224.9
8010.46		38349.1
8034.13		38562.7
7999.14		38369.5
8011.86		38395.3
8028.95		38482.7
8038.2		38527.7
8043.03		38547.1
8039.15		38528.7
8044.81		38596.9
8050.5		38623
8060.41		38671.5
8109.2		38977.9
8106.73		38948.9
8112.67		38955.5
8131.29		39035.7
8137.41		39060.4
8137.77		39064
8132.84		39048
8124.75		39021
8143.23		39087.4
8143.16		39071.2
8179.32		39284.2
8146.53		39213.5
8185.6		39374.9
8186.38		39403.3
8194.39		39451
8190.46		39437
8194.05		39445
8205.12		39467.6
8213.37		39496.6
8211.7		39488.6
8246.55		39646.4
8249.09		39736.3
8252.74		39755.5
8257.39		39780.4
8244.8		39731.2
8254.37		39789.8
8259.54		39809
8253.95		39720.9
8294.86		40023.2
8354.74		40350.1
8356.34		40356.2
8353.69		40315.5
8350.21		40325.3
8348.72		40339.9
8342.65		40335.7
8350.31		40361.8
8339.58		40223.8
8328.37		40194.9
8347.74		40264.4
8382.65		40479.5
8392.14		40534.7
8393.97		40533.2
8398.11		40550.6
8399.48		40565.8
8394.5		40573.6
8416.94		40659
8408.57		40474.1
8444.78		40711.7
8456.97		40801
8483.89		40926.2
8511.58		41086.7
8509.38		41077.3
8509.86		41067.9
8508.79		41093.7
8519.95		41164.9
8523.01		41187.8
8534.72		41087.2
8583.63		41407.3
8548.38		41224.1
8581.6		41431.4
8598.15		41533.3
8606.36		41581.6
8607.13		41564.9
8610.22		41592.8
8609.13		41592.6
8621.74		41661.6
8621.32		41703.2
8600.4		41500.2
8627.49		41778
8608.1		41637.7
8635.3		41768.9
8661.28		41898.1
8664.89		41924.8
8669.22		41935.4
8668.99		41941.6
8675.13		41988
8676.22		42004.5
8640.16		41760.6
8684.18		42127.1
8667.41		42011.5
8678.67		42045.8
8718.35		42212.4
8724.7		42235.4
8730.33		42247.1
8728.85		42233.6
8730.63		42250.1
8726.82		42241.7
8735.79		42304.5
8706.18		42061.6
8748.48		42391.4
8746.16		42417.6
8784.71		42556.4
8818.49		42730
8820.78		42737.6
8820.94		42729.4
8819.81		42711
8821		42759.5
8819.19		42758.3
8833.11		42834
8790.61		42568.2
8793.18		42637.7
8806.13		42716.8
8824.55		42764.3
8844.36		42909.1
8848.59		42920.5
8849.38		42929.8
8848.38		42921
8850.62		42949.1
8849.63		42953.4
8874.19		43056.4
8834.3		42784.8
8818.59		42820.1
8836.31		42836.3
8864.21		42973.4
8909.58		43214
8909.66		43218.1
8918.21		43253.5
8917.77		43248.6
8922.75		43260.3
8924.57		43285.7
8942.96		43365.4
8939.74		43202.9
8943.58		43334.2
8934.39		43218.3
8916.73		43154.4
8951.16		43325.9
8960.42		43382.2
8962.5		43395.8
8968.26		43415.4
8973.74		43438.9
8975.87		43461.8
8984.56		43528
8973.32		43359.8
9007.76		43578.5
8980.77		43510.9
8958.51		43366.3
8986.17		43516.2
9025.49		43721.6
9025.02		43714.7
9025.2		43716.4
9034.87		43765.9
9026.41		43741.8
9026.95		43762.6
9043.34		43844.3
9029.89		43711.6
9025.77		43704
9024.65		43690.8
9050.38		43844.1
9081.28		43999.6
9081.18		43999.3
9079.87		43994.6
9086.28		44011.6
9103.09		44140.4
9134.21		44376.4
9136.89		44383.7
9140.27		44386.5
9139.34		44384.4
9133.89		44369.5
9130.05		44348
9150.92		44427.3
9137.57		44322.3
9151.54		44437.7
9141.57		44427.7
9138.42		44452.5
9136.37		44456.1
9158.57		44622.8
9159.48		44622.2
9162.87		44638.6
9170.55		44661.8
9163.12		44619
9171.39		44659.8
9185.19		44696.1
9148.47		44479.1
9168.76		44563.8
9159.69		44547.7
9176.59		44642.8
9197.28		44737.7
9204.86		44767.4
9203.95		44760.1
9204.84		44759.6
9214.08		44779.7
9218.83		44819.9
9219.24		44818.5
9230.22		44847.3
9212.35		44721
9218.97		44768.3
9217.76		44740.4
9225.61		44780.8
9228.55		44779.8
9216.27		44729.5
9215.96		44723.6
9218.63		44729.5
9223.33		44732.9
9239.78		44817.6
9242.07		44805
9253.75		44862.2
9235.12		44749.6
9283.76		44988.2
9258.71		44902.9
9230.14		44769.4
9282.4		45021.8
9286.54		45043
9286.41		45046.2
9290.9		45074.8
9289.86		45056.3
9291.58		45064.3
9290.92		45055.1
9301.04		45092.7
9262.07		44904.1
9291.27		45056.3
9295.03		45100.6
9296.55		45094.4
9336.15		45254.2
9342.21		45296.9
9342.88		45297
9339.04		45271.2
9336.64		45278.6
9352.47		45349.4
9351.69		45345.7
9367.6		45429.9
9335.48		45234
9365.94		45414.1
9362.96		45405.4
9374.85		45406.1
9418.21		45590.8
9415.57		45607.6
9418.35		45619.5
9415.98		45618.2
9418.06		45656.4
9428.6		45696.2
9429.85		45686.9
9451.18		45786.9
9408.9		45568.2
9383.93		45467.7
9391.38		45495.3
9409.32		45553.1
9420.24		45605.4
9426.39		45658.1
9428.28		45665.8
9431.09		45679.8
9426.28		45668.4
9436.26		45720.2
9433.91		45718.3
9448.55		45799.7
9491.64		45974.5
9413.01		45634.6
9403.3		45588.5
9397.22		45519.5
9431.47		45713
9424.25		45690.2
9432.5		45747.4
9428.38		45729.2
9427.1		45707.9
9431.48		45750.1
9437.83		45772.9
9434.18		45781.6
9473.38		45931.4
9444.93		45833.2
9429.61		45783.5
9431.59		45773.9
9458.29		45902.1
9507.22		46113.3
9502.46		46107.1
9510.57		46154.3
9511.8		46156.6
9506.24		46122.5
9507.06		46113.2
9501.64		46103.4
9499.4		46127
9530.17		46241.3
9480.46		46025.6
9471.56		45954.6
9485.59		45999.4
9516.17		46188.1
9516.25		46215.8
9532.62		46311.8
9535.67		46327.7
9534.85		46313
9532.93		46300.9
9533.52		46296.7
9541.53		46350.5
9561.86		46431.6
9543.43		46320.2
9523.07		46234.7
9528.86		46223.2
9561.26		46370.4
9576.04		46480.5
9552.85		46396.7
9572.34		46513.9
9574.6		46522.5
9571.56		46500.2
9570.39		46475.1
9568.2		46486.2
9562.8		46481.8
9587.68		46610.4
9555.54		46433.3
9523.08		46345
9534.49		46381
9553.81		46445.5
9588.71		46587.4
9587.73		46603.4
9597.92		46665.5
9601.82		46693.7
9600.98		46680.9
9594.3		46647.7
9601.78		46694.4
9595.42		46671.5
9602.44		46723
9585.26		46562.8
9551.24		46434.3
9572.71		46526.9
9607.33		46724.9
9634.02		46939.5
9639.71		47002
9639.54		46995.6
9648.87		47046.8
9654.18		47069.5
9644.82		47035.3
9653.14		47073.2
9660.39		47126.9
9658.77		47117
9618.56		46891.7
9607.02		46824.1
9618.92		46854.7
9616.9		46878.7
9659.99		47108.7
9679.72		47246.1
9679.28		47238
9681.54		47249.1
9686.3		47253.6
9682.4		47255.4
9685.15		47247.6
9698.9		47313.4
9674.22		47182.4
9656.02		47070.2
9664.36		47141.2
9668.61		47157
9677.43		47182.9
9691.24		47270.3
9711.28		47411.9
9714.2		47426.3
9719.96		47444.3
9716.09		47424.9
9700.93		47367
9713.14		47404.2
9728.74		47471.5
9723.6		47427.3
9691.94		47229.6
9709.63		47337.5
9711.9		47380.8
9711.24		47380.7
9715.58		47409.9
9730.39		47497.1
9733.05		47505.1
9737.38		47507.2
9735.25		47487
9730.96		47483.7
9742.29		47497.7
9741.87		47516.6
9720.63		47385.6
9763.51		47587.1
9761.23		47612.2
9742.08		47525.7
9741.05		47540.3
9761.92		47603.9
9782.15		47732.8
9783.05		47739.2
9778.93		47718.2
9770.61		47685.3
9758.5		47638.2
9772.29		47674.5
9781.06		47710.7
9769.98		47684
9736.41		47531.1
9762.55		47626.9
9759.98		47659.9
9759.14		47718.6
9756.89		47716.1
9781.41		47843.4
9782.36		47843.3
9783.4		47840
9779.86		47825.4
9779.81		47823.3
9793.27		47862.5
9803.27		47902.4
9807.41		47975.2
9738.75		47678.6
9780.49		47834.7
9786.29		47891.1
9763.95		47791.6
9781.14		47887.8
9810.89		48052.8
9810.98		48054.5
9805.98		48042.6
9798.12		47998.9
9790.75		47980.2
9803.72		48002.8
9818.8		48062.8
9822.87		48098.2
9761.23		47865.9
9788.25		47968.3
9790.29		48005.6
9821.47		48170.4
9825.9		48244.9
9855.78		48411.9
9866.4		48461.5
9873.34		48489.8
9872.59		48486.7
9869.1		48465.2
9861.98		48429.4
9886.79		48475.4
9881.11		48496.9
9835.76		48343.2
9864.69		48450.3
9874.46		48548.9
9868.58		48520.2
9856.26		48466.8
9860		48509.3
9879.69		48631.1
9879.02		48619
9881.26		48635.2
9873.82		48590
9879.82		48618.9
9896.91		48643.1
9905.98		48719.9
9881.38		48666.4
9864.61		48572.7
9891.4		48681.2
9903.05		48729
9903.32		48772.6
9915.98		48870.4
9946.62		49059.2
9947.08		49062.7
9945.05		49048.3
9942.28		49023.5
9944.87		49013.8
9955.47		49047.8
9955.04		49047.2
9955.65		49062.5
9926.79		48911.7
9952.96		49029.6
9948.84		49036.1
9954.3		49026.3
9926.9		48906.7
9935.76		48966
9946.73		49036.1
9942.18		49008.3
9940.86		49005.3
9929.87		48947.8
9945.03		48991.3
9937.31		48981.1
9937.47		48986.9
9915.75		48872.7
9910.26		48837.7
9925.14		48921.6
9937.16		48978.1
9932.72		48936
9946.13		49025.8
9978.92		49222.2
9980.36		49225.1
9980.17		49222.3
9984.63		49245.3
9984.25		49225.4
9996.88		49268.4
9994.79		49251.8
10002.7		49303.2
9972.53		49155.9
9990.32		49251.6
10000.7		49323.5
9997.77		49308.1
10000.3		49283
10008.3		49350.3
10042.2		49533.2
10037.2		49513.2
10034.8		49496.6
10038.1		49511.6
10036.4		49487.1
10050.4		49552.1
10052		49537.9
10039.4		49521.2
10014.5		49339.4
10032.8		49436.9
10059.6		49565.8
10028.4		49410
10018.1		49336.3
10052		49522.8
10063.5		49589.6
10064.8		49602.5
10071.5		49626.1
10067.5		49615.1
10075		49627.8
10073.3		49618.7
10065.6		49623.8
10057.3		49597.2
10045		49530.4
10077.3		49714.2
10066.1		49681.5
10039.4		49558.6
10037.4		49525.6
10062.5		49657.9
10070.3		49705.5
10070.7		49713.3
10076.3		49736.2
10073.4		49721
10075.6		49729.4
10073.1		49693.9
10073		49682.3
10031.8		49541.3
10064.5		49694.3
10084.6		49839.2
10081.9		49825.5
10049.4		49702
10061.8		49766.1
10074		49849.4
10085.9		49918.2
10090.3		49941.9
10096.5		49966.1
10099.5		49974.4
10101.1		49988.3
10097.2		49945.7
10077.6		49849.4
10063.3		49754.9
10083.3		49899.6
10097.1		49949
10111.9		50034.3
10114.4		50051.8
10114.5		50058
10118.9		50066.2
10123.9		50061.3
10126.2		50074.5
10122.9		50048.8
10112.7		49975.1
10073.2		49837.7
10089		49920.8
10103		49986.8
10094.7		49966.9
10106.3		50019.8
10134.2		50185.4
10136.1		50206.4
10140.1		50232.6
10142.2		50246.1
10145.6		50265.6
10152		50289.4
10162.1		50344.8
10168.5		50367.6
10155.5		50292.1
10129.6		50142.1
10150.7		50264.8
10136.8		50217.7
10125.2		50180.4
10110.5		50116.1
10141.6		50293.5
10143.5		50301.1
10143		50300.5
10146.1		50322.1
10155		50352.6
10154.6		50358.2
10170.2		50383.3
10173		50386.6
10145.5		50284.3
10137.8		50211.8
10175		50434.9
10159.1		50371.8
10154.3		50346.6
10136.6		50309
10171.5		50513.9
10173.6		50530.2
10173.1		50523.4
10172.8		50524
10180.9		50544.9
10177.5		50524.2
10182.6		50549.1
10192.1		50565.5
10182		50541.3
10167.4		50433
10210		50722.8
10196.5		50663.2
10185		50593
10155		50461.5
10194.1		50630.3
10207.3		50709
10204.2		50695
10204.2		50697.4
10202.2		50692.4
10202.3		50671.8
10196.7		50631.4
10215.7		50683.2
10217.2		50703.8
10207		50655.9
10241.9		50856.9
10231		50840.1
10213.2		50746.2
10191.8		50632.1
10207.5		50735.5
10218.6		50809.9
10222.3		50835
10222.9		50844.5
10216.4		50805.8
10217		50795.9
10225.6		50827.4
10220.2		50792.5
10215.5		50750.1
10217.5		50748.7
10249.6		50957.5
10239.7		50973.1
10231.2		50933
10228.1		50949.2
10247.1		51067.5
10271.5		51203
10273.2		51206.7
10280		51244.3
10275.9		51213.2
10268.1		51169.2
10264.8		51139.4
10263.9		51117.1
10258.4		51064.1
10246.5		51033.9
10223.3		50941
10253.1		51125.4
10264.8		51210.6
10259.5		51158.1
10237.7		51037.2
10230.6		51009.7
10259.4		51176
10256.5		51157.8
10259.5		51173.9
10248.1		51111.3
10253.4		51128.1
10254.6		51123.6
10256.2		51126.8
10224.3		50977.1
10228.3		51040.7
10214.3		50981.9
10248.8		51198.1
10211.8		51056
10206		51031.3
10214.4		51087.8
10230.3		51186.9
10246.2		51274.4
10249.9		51290.6
10245.1		51265.3
10239.1		51238.9
10226.8		51189.6
10224.4		51189.5
10223.4		51173.8
10216.9		51162
10207		51093
10223.6		51244.6
10224.9		51257.1
10221		51270.4
10212.4		51220.1
10212.7		51229
10243		51404
10245.5		51421.2
10239		51384.5
10238.7		51379.8
10247.6		51420.5
10251.7		51431.3
10245.1		51401.4
10244.7		51377.2
10234.8		51271.5
10265		51443.7
10274.2		51545.3
10276.2		51552.8
10271.2		51548
10254.9		51466.5
10294		51720.3
10307.8		51785.9
10307.4		51782.7
10301.3		51738.6
10293.8		51707.1
10290.1		51693.3
10291.3		51679.7
10281.9		51611.6
10276		51625.7
10253		51525.2
10264		51627.7
10280		51728.3
10291.3		51802
10290.6		51805.5
10294.2		51847.4
10325.8		52025
10328.4		52042.2
10323.4		52005.9
10315.2		51958.6
10318.8		51970.3
10333.6		52038.7
10329.1		52000.7
10324.2		51985
10335.2		52025.8
10333		52032.8
10329.5		52088.1
10352.6		52174.8
10342.6		52104.8
10319.5		51986.3
10343.9		52111.4
10357.3		52193.3
10360		52218.2
10352.3		52158.8
10346.1		52137.2
10345.5		52127.2
10348.1		52133
10349.4		52121.6
10338.5		52067.9
10333.9		52044.2
10350.5		52126.5
10351.8		52160.1
10374.4		52263.1
10373.6		52246.4
10349.9		52113.6
10366.9		52214.2
10385.8		52319.4
10390.1		52346.2
10384.7		52303.3
10379.7		52290.9
10383.8		52318.1
10396.1		52373.2
10404.2		52394.5
10394.3		52350.1
10388.9		52320.7
10397.1		52378
10393.3		52358.6
10403.5		52404.8
10410.7		52464.5
10402.2		52408.6
10410.2		52438.6
10414.7		52469.6
10404		52433.1
10403.4		52421
10397.7		52386.8
10401.9		52396.2
10408		52427.5
10405		52411.3
10400.2		52384.8
10375.3		52254
10389.4		52322.4
10390.6		52352.8
10394.9		52379.8
10406.1		52428.6
10395.3		52365.9
10415.8		52499.7
10418.3		52524.9
10415.1		52499.2
10409.2		52476.1
10411		52482.2
10417.7		52522.6
10423.1		52548.3
10407		52469.2
10404.7		52441.3
10448.5		52627.5
10442.3		52611.3
10449.5		52602.3
10440.8		52580
10430.2		52514.6
10435.9		52550.6
10449.6		52626.4
10453.9		52645.5
10457.2		52653.9
10459.5		52662.3
10461.4		52665.5
10470		52707.9
10462.5		52674
10451.3		52611.7
10448.6		52624.6
10446.3		52599.1
10465.8		52670.1
10452.3		52602.4
10454.9		52611.1
10446		52549.4
10437.9		52487.2
10453.4		52576
10448.8		52557
10449.5		52574
10453.6		52592.6
10451.6		52572.8
10453.3		52579.8
10451.5		52568.6
10461		52592.6
10457.4		52577
10463.4		52612.8
10495.1		52762.9
10479.8		52716
10457.4		52606.8
10453.2		52589.7
10449.1		52531.1
10469.8		52649.5
10472		52657.6
10477.4		52676.7
10472		52647
10461		52586.3
10463.7		52600.6
10470.1		52610.7
10475.5		52632.7
10471.2		52610
10469.9		52608.6
10480		52700.8
10482.3		52739.9
10470.4		52679.4
10478.3		52710.4
10461		52600.5
10502.3		52815.7
10505.8		52838.2
10499.3		52814.9
10496.1		52789.5
10489.6		52757.9
10496.4		52780.2
10496.3		52790.5
10491.7		52759.4
10487.4		52739.6
10508.4		52838.7
10506.1		52818.6
10505.5		52827.3
10497.4		52806.7
10511.4		52898.7
10538.1		53028.7
10545.4		53026.1
10558.2		53094.5
10558.7		53102.5
10558.9		53101.4
10557.2		53091.7
10551.1		53039.2
10560.8		53083.7
10551.1		53034.2
10557.1		53069.5
10561.8		53066.5
10574.9		53131.5
10581.2		53195.5
10582.9		53180.5
10588.4		53231.9
10601		53329
10565.8		53112.8
10599.7		53295.3
10601.2		53303.6
10595.1		53292.5
10593.7		53278.8
10589.1		53239.6
10591.6		53250.6
10597		53280.1
10597.2		53268
10580.4		53189
10593.2		53220
10611.3		53302.6
10600.1		53268.4
10600.9		53284.7
10622.7		53323.4
10626.4		53355.6
10634.2		53420.9
10644.2		53482.4
10646.9		53501
10644.2		53481.1
10646		53491.2
10642.2		53483.9
10647.2		53519.1
10630.5		53442.5
10642.7		53494.2
10657		53550.5
10670		53552.3
10696		53679.8
10678.8		53624.8
10679.2		53620.1
10693.5		53688.5
10683.4		53597.2
10690.7		53634.7
10690.2		53633.5
10692.4		53653.6
10692		53644.3
10686.7		53625.5
10686.4		53625.1
10698.3		53668.3
10705.4		53701.4
10703.1		53691.9
10721.4		53741.5
10773.6		53982.9
10764.4		53965.3
10751.9		53901.7
10754.3		53880.2
10742.1		53892.1
10776.6		54054.1
10790.5		54128.2
10789.8		54121.8
10780.6		54089.1
10778.9		54060
10776.1		54059.3
10773.4		54070.3
10775		54062.6
10769.5		54031.5
10773.1		54045.9
10774.6		54031.6
10783.4		54092.9
10786.8		54139.1
10777.8		54095.3
10787.9		54103.8
10789.9		54173.1
10789.2		54148.6
10797.6		54194.8
10796.3		54202.1
10792.2		54173.5
10791.9		54170.2
10786.6		54144.5
10789.9		54169.6
10791.7		54165.8
10804.2		54215.7
10823		54291.2
10808.8		54206.6
10836.9		54376.7
10817.2		54329.1
10829.2		54397.5
10831		54432.6
10818.2		54348.1
10840.5		54455.6
10839.1		54451.4
10837.1		54449.2
10837.8		54438.7
10827.4		54390.2
10824.6		54391.2
10842.8		54452
10841.3		54444.1
10854.9		54527.9
10834.4		54447.8
10865.9		54583.9
10880.7		54695.9
10856.1		54578.9
10865.5		54581.1
10877.4		54653.4
10851.3		54533.2
10854.1		54543.1
10850.2		54532.3
10846.2		54519.1
10844.8		54504.3
10848		54529.2
10860.6		54582.5
10861.5		54603
10864.1		54633.8
10839.9		54544.3
10867.1		54663.8
10886.8		54823.8
10897.4		54877.5
10884.8		54830
10875.6		54785
10872.6		54731.7
10881.5		54792.8
10881.6		54794.4
10879.5		54786.8
10880.1		54794.3
10873.8		54749.7
10883.8		54808.2
10898.9		54869.7
10894.1		54846.5
10900.1		54845.4
10878.2		54761.9
10877.4		54742.5
10898.3		54867.2
10907		54896
10901		54875.1
10922.6		55004.1
10911.1		54927.2
10913.5		54957.8
10913.5		54961.6
10913.3		54962.7
10912.7		54957.6
10921.8		55010.1
10930.8		55066.6
10925.1		55012.8
10924.9		55002.4
10944		55070.9
10919.4		54956.5
10942.4		55052
10981.7		55252.1
10977		55241.6
10964.6		55156.6
10999.4		55363.7
10980.5		55270.5
10996.1		55358.6
10995.7		55357.8
10997.3		55366.4
10986.4		55305.9
10982.7		55282.9
10981.1		55304.1
10981.2		55286.5
10984.3		55278
10998.8		55334.9
10986.8		55263.5
11008.3		55344.5
11028		55404.9
11006.4		55282.1
10999.6		55252
11042.1		55486.3
11009.2		55298.7
11023.5		55370.1
11025		55379.7
11027.3		55389.3
11022.1		55365.1
11025.8		55396.5
11050.4		55523.4
11044.6		55495.4
11051.6		55479.8
11089.4		55641.4
11058.4		55507.3
11082.1		55572.3
11076.6		55552
11090.2		55597.4
11072.3		55536.9
11104.8		55685.6
11093.2		55620
11106		55706.2
11106.8		55712.8
11106.1		55709.9
11101.4		55688.9
11112.1		55727
11122.2		55783.9
11119.2		55742.8
11113.7		55726.8
11107		55676
11098.4		55654.2
11098.6		55657.8
11102.6		55670.3
11102.1		55633.6
11093.5		55591
11118.6		55706.8
11116.2		55657.8
11130.5		55743.6
11130.5		55745.6
11130.1		55744.3
11128.9		55735.3
11136.8		55770.9
11142.4		55801.5
11128.5		55709.1
11138.8		55785.3
11161.3		55867.5
11141.8		55809.8
11161		55864.6
11170.9		55938.9
11160.6		55901.6
11133.1		55764.7
11188.5		56080.1
11164.9		55956.5
11168.6		55989.1
11169		55990.7
11166.2		55977
11162		55953.7
11162.7		55971
11142.1		55894.6
11154.6		55940
11165.8		56005.8
11159.7		55961.3
11130		55848.8
11157.4		55951.5
11168.6		55973.4
11154.8		55943.7
11154.4		55916.5
11183.7		56047
11179.1		56015.4
11196.8		56123.5
11196.5		56120.8
11195.9		56118.5
11202.2		56145.2
11200.6		56136.3
11195.3		56108.4
11200.4		56115.6
11199.5		56103.2
11201.3		56094
11172.1		56057.9
11156.9		55949.3
11171		56035.4
11171.2		56034.7
11170.7		56033.6
11179.3		56086.6
11175.2		56076.1
11173.4		56071.4
11172.5		56052.6
11175.1		56062.8
11168.6		55999.5
11127.8		55839.8
11151.2		55958.9
11143.8		55911.2
11149.5		55958.2
11121.1		55804.3
11153		55974.4
11138.7		55892.2
11144.6		55906.1
11143.1		55902.9
11143.3		55903.7
11130.5		55843.2
11132.8		55863.7
11141.6		55908.9
11151.4		55958.9
11150.2		55945.9
11152.3		55935
11144		55876.5
11121.8		55797.4
11138		55875.4
11146.1		55911.4
11152.2		55930.9
11143.2		55876.9
11164.4		55982.3
11177.9		56060.1
11182.9		56068.5
11184.6		56073.6
11184.8		56070.8
11184.5		56063.8
11189.4		56089.4
11191.8		56089.2
11189.5		56075.3
11192.4		56082.7
11192.6		56021.4
11170.8		55978.6
11135		55786.2
11166.6		55915.8
11166.9		55906.9
11156.1		55870.5
11167.4		55895
11174.8		55913.5
11191.3		55998.6
11190.8		55999.9
11190.8		56002.3
11188.5		55986.6
11190.2		56014.9
11193.9		56040.6
11201.3		56044.6
11185.8		55967.3
11188.3		55972.9
11168.8		55900.6
11143.2		55756.8
11174		55920.1
11197.1		56044.9
11186.2		55999.8
11212.4		56145.5
11229.7		56249
11224.4		56241
11240.2		56325
11240.2		56325
11239.7		56319.6
11240.5		56316.9
11244.9		56337.8
11245.8		56353.8
11251.7		56362
11254.3		56392.8
11262.8		56416
11240.8		56298
11233.9		56191.6
11265.6		56354.5
11265.1		56374.1
11247		56285.8
11250		56333.9
11247.1		56291.2
11271.5		56412.4
11293.9		56517.8
11294.1		56519.4
11291.6		56505.3
11292.5		56503.2
11288.7		56491
11299.4		56543.4
11300.8		56549.8
11309.2		56596.8
11294.9		56526.9
11298		56490.9
11321.2		56596.4
11350.6		56732.5
11342		56697.9
11328.1		56609.4
11333.3		56632.5
11360.4		56824
11372.8		56877.8
11386.9		56966.4
11387.4		56970.3
11392.4		56996.9
11397		57016.2
11395.2		57016.5
11383		56980.1
11395		57040.1
11388.2		57030
11380.4		57002.5
11358.7		56884.8
11345.1		56803.8
11388.8		57071.3
11403.6		57135.8
11377.7		56994.7
11399.2		57100.3
11409.8		57167.4
11415.3		57176.9
11428		57232.7
11431		57247.8
11436.1		57275.9
11433.7		57274.5
11436.7		57285.3
11434.5		57276.2
11449.1		57337.8
11439.5		57293.2
11438.8		57294.5
11432.3		57271.5
11440.2		57306.9
11459.4		57419.7
11453.9		57370.6
11455		57368.5
11435		57288.4
11483.6		57574.1
11484		57561
11496		57627.1
11496		57626.7
11492.1		57611.3
11497.1		57640.1
11495.3		57639.8
11500.7		57672
11501.9		57680.4
11491.1		57615.9
11504.3		57628.5
11500.5		57643.6
11507.8		57714.3
11529		57805.1
11496.7		57630.4
11496.7		57634.1
11500.1		57666.9
11510.2		57735.4
11525.2		57840.3
11531.8		57876.5
11536.6		57886
11536.9		57884.3
11533.2		57889.9
11527.9		57873
11535.4		57913.3
11516.1		57791
11534.6		57870.1
11531.6		57782.9
11523		57717.5
11546.5		57829.9
11566.5		57920
11549.2		57797.1
11570.8		57890.8
11571.8		57896.8
11570.2		57883.8
11573.9		57878.8
11573.6		57867.2
11566.7		57845.6
11571.6		57889.2
11562.3		57810.3
11546.9		57742.6
11585.1		57870.6
11589.5		57923
11579.6		57904.2
11595.1		57935.6
11603.4		57948.4
11615.5		58000.7
11593		57932.6
11582.9		57877.5
11585		57870.6
11588		57884.3
11588.7		57887.6
11583.2		57861.5
11581		57837.9
11582.8		57845.9
11589.6		57888.8
11599.7		57929
11594.8		57918.5
11591.2		57878.5
11596.4		57942.6
11591.3		57916.8
11603.7		57947.3
11606.4		57955.9
11620.6		58002.8
11603.4		57868.8
11577.9		57791.4
11583.7		57825.5
11591.8		57865.8
11592.2		57866.1
11592.2		57855.9
11592.6		57859.9
11597		57857.2
11585.8		57831.7
11596.7		57882.3
11658.2		58115.4
11661.9		58132.8
11666		58154.1
11668.5		58158
11701.2		58366.5
11704		58381.9
11700.4		58367.7
11702		58387
11710.1		58421.7
11713.6		58450.3
11714.8		58455.9
11712.5		58431.5
11701.5		58356.5
11668.8		58258
11658.1		58220.9
11671.1		58269.6
11674.5		58244.6
11669.9		58235.2
11673.9		58244.5
11692.2		58343.5
11723.3		58445.7
11720		58409.3
11742.5		58527.3
11735.8		58491.3
11743		58528.9
11737.2		58506
11743.1		58514.9
11728.8		58467.5
11722.3		58439
11727.8		58444
11695.4		58313.9
11702.8		58363.8
11701		58331.2
11725		58454.1
11726.2		58484.2
11736.8		58565.7
11745.6		58592.9
11746		58547
11748.2		58568.1
11780.2		58730.6
11778.3		58713.4
11776.5		58714.4
11777.7		58711.6
11781.8		58713.6
11781		58725.5
11791.5		58769.7
11784.2		58733.4
11798.7		58785.7
11780.4		58724.6
11803.7		58804.4
11799.2		58794.4
11809.3		58825.3
11805.8		58831
11819.5		58909.4
11843.4		58995.6
11845.3		59001.6
11867.9		59082.9
11867.9		59083.6
11865.5		59068.7
11867.3		59083.1
11864.3		59061.9
11856		59027.4
11842.3		58965.1
11847.4		58984
11847.8		58973.5
11839.9		58958.3
11854.9		59080.9
11836.3		58986.6
11838.6		59019
11835		59012.3
11842.5		59034.3
11881.4		59220
11856.8		59096.9
11869.3		59163.2
11871.5		59144.3
11871.1		59142.7
11865.2		59123.7
11869.3		59153
11855.7		59066.1
11861.5		59112.4
11856.3		59092.1
11877.2		59185.4
11851.5		59066.4
11864.4		59138.1
11869.3		59172.5
11870.5		59231.6
11870.9		59208.8
11865.9		59172.3
11888.5		59243.3
11892.3		59261.6
11896.1		59275.9
11900.5		59300.9
11900.8		59303.5
11898.5		59290.8
11897.2		59281.4
11878.1		59171.4
11872.7		59156.2
11875.4		59143.1
11867.1		59085.3
11864.4		59057.6
11852.1		59013.9
11861.8		59050.5
11843		58965.8
11855.7		59078.7
11852.8		59091.9
11882.2		59245.5
11905		59314.8
11894.3		59279.3
11897.1		59260.8
11915.3		59350.4
11916.7		59354.5
11918.8		59369.6
11907.9		59323.7
11907.6		59315.5
11896		59255.7
11885.5		59190.1
11887.5		59205
11871.2		59123.6
11891.3		59216.3
11868.8		59116.1
11871.6		59159
11880.3		59208.9
11899.9		59338.6
11919.7		59415.4
11930.1		59509.8
11935.3		59551
11942.6		59578.3
11941.5		59576.9
11945.1		59578.3
11947.7		59600.5
11935.9		59547.7
11929.8		59523.2
11924.6		59503.3
11932.7		59545.9
11925.1		59508.2
11932.3		59570.6
11962.2		59723.2
11928.1		59551.8
11932.6		59576.9
11923.6		59566.7
11980.4		59873
12001.5		59936.7
12012.1		59990.1
12022.4		60026.1
12023.2		60029.4
12023.4		60018.6
12032.1		60051.1
12025.8		60012.8
12023.6		59998.2
12020.9		59984.5
12005.9		59913
12015.8		59943.3
11996.8		59861
12040.2		60027.4
11994.5		59833.1
12002		59896.7
11999.1		59896.5
12025.1		60030.8
12045.6		60135
12064.8		60231.4
12074.2		60286.8
12071.5		60285.4
12072.1		60292
12074.3		60291.3
12076.4		60302
12072.8		60275.7
12074.4		60272.5
12063.1		60221.6
12072		60279.3
12074		60303.3
12072.4		60271.6
12094.5		60334.7
12054.9		60138.8
12054.1		60154.7
12056		60194.3
12077		60342.1
12097.3		60412.4
12099.6		60456
12128.5		60595.3
12144.7		60680.9
12151.7		60695.4
12150		60685.5
12147.7		60663.8
12142		60638.9
12125.8		60535.4
12128.9		60559.1
12129.7		60567.7
12117.6		60486.9
12139.2		60544.5
12129.4		60503.3
12121.8		60447.7
12125.1		60487.9
12128.6		60480.3
12139.9		60547.3
12129.7		60516.9
12109		60417.9
12131.9		60547.8
12134.6		60556.3
12137		60562.3
12134.3		60541.7
12129		60526
12125.8		60511.2
12125.7		60504.4
12134.6		60517
12149.4		60602
12114.2		60450.3
12119.8		60477.3
12114.4		60410.8
12119.2		60432.4
12133.5		60521.6
12124		60475.9
12146.6		60605.5
12124.8		60463.4
12131.6		60502.7
12154.4		60620
12159.2		60648.9
12163.7		60666
12157.3		60629.2
12154.6		60619.8
12132.1		60525.5
12139.3		60575.5
12144.4		60577.6
12151.6		60654.6
12165.2		60757
12177.4		60840.1
12197.1		60967.6
12197.8		60969.5
12201.6		60975.7
12199.3		60962.8
12201		60955.2
12200.8		60959.4
12188		60873
12208.8		60995.9
12211.5		61009.8
12211.8		60987.2
12221.1		60941.9
12188.1		60826.4
12185.2		60820.3
12192		60890.1
12197.4		60895.2
12204.5		60953
12189.2		60879
12223.9		61062.1
12221.7		61052.8
12218.6		61039.1
12216.3		61026
12215.8		61020.4
12208.3		60994.9
12197.1		60923
12210.7		60960.6
12230.1		61047
12223.6		61034.1
12222		60986.4
12226.5		60933.1
12204		60871.2
12213		60939.4
12206.4		60930.4
12216.5		61005.6
12215.2		60962.4
12201.6		60916.2
12231.2		61023.5
12235.3		61075.4
12237.7		61083.8
12235.4		61073.6
12232.3		61064.6
12235.6		61083.8
12228.9		61041.8
12235.5		61049.1
12245.2		61136.2
12245.4		61147.9
12241.1		61107.8
12250.5		61042.3
12230.2		60985.6
12237.9		61047
12248.8		61120.4
12256.8		61146
12257.4		61142
12292.5		61344.9
12293.4		61345.9
12294.3		61355.4
12295.2		61360.8
12287.2		61315.5
12288.9		61315.6
12280.5		61249.6
