Time 		Copy 	Extrap 	MSE 			MAE 			PSN
1		0	0		0.000000		0.000000		1.#INF00
2		19	2178		0.000342		0.000248		82.788162
3		19	2178		0.004691		0.001088		71.418495
4		21	2176		0.000180		0.000170		85.585625
5		19	2178		0.001628		0.000744		76.013931
6		19	2178		0.003306		0.000994		72.937447
7		19	2178		0.003044		0.000794		73.296715
8		19	2178		0.000475		0.000256		81.363869
9		19	2178		0.002128		0.000453		74.850830
10		40	2157		0.003778		0.000819		72.358040
11		40	2157		0.000189		0.000108		85.364754
12		42	2155		0.002903		0.000406		73.502144
13		49	2148		0.002683		0.000395		73.844902
14		48	2149		0.005498		0.000780		70.728409
15		54	2143		0.002591		0.000384		73.996758
16		52	2145		0.000939		0.000336		78.403862
17		45	2152		0.557292		0.018864		50.669975
18		69	2128		0.025433		0.002855		64.076859
19		74	2123		0.018700		0.003081		65.412384
20		83	2114		0.000920		0.000383		78.491447
21		83	2114		0.001639		0.000530		75.984848
22		84	2113		0.005528		0.001569		70.705025
23		89	2108		0.141661		0.011895		56.618305
24		106	2091		0.051955		0.004020		60.974556
25		112	2085		0.075417		0.005214		59.356098
26		109	2088		0.094788		0.007831		58.363297
27		112	2085		0.178500		0.011666		55.614426
28		107	2090		0.272970		0.011536		53.769650
29		126	2071		0.185483		0.009414		55.447769
30		132	2065		0.146541		0.011812		56.471222
31		138	2059		0.114350		0.009091		57.548443
32		128	2069		0.388581		0.026650		52.235985
33		142	2055		0.351411		0.023914		52.672653
34		152	2045		0.220306		0.012788		54.700539
35		142	2055		0.473144		0.031616		51.380875
36		175	2022		0.297683		0.018364		53.393265
37		156	2041		1.572894		0.066775		46.163811
38		179	2018		1.946892		0.062002		45.237385
39		179	2018		1.880711		0.056886		45.387581
40		170	2027		2.473111		0.093595		44.198364
41		181	2016		1.870773		0.054705		45.410591
42		190	2007		1.115380		0.051336		47.656574
43		203	1994		2.845167		0.086673		43.589725
44		209	1988		1.786653		0.075072		45.610397
45		209	1988		2.418538		0.073034		44.295273
46		210	1987		1.955483		0.074570		45.218262
47		219	1978		5.950808		0.185948		40.385048
48		221	1976		3.428280		0.102495		42.780041
49		234	1963		2.507891		0.089881		44.137718
